    unsorted:	 2823.449540 2776.783329 2743.621554 2689.894786 2991.058896 3052.157229 3155.640029 3137.731211 3229.624856 3252.520235 2522.770105 2448.515835 2244.894244 2219.937248 2108.596043 2007.453728 1854.929727 1767.314426 1665.018225 1653.622233 3699.083833 3688.508542 3859.879101 3938.320501 4032.579148 4118.935313 4207.543913 1350.841242 1240.291253 1111.343859 4493.934401 4549.685762 919.5273616 836.2768131 723.8675436 668.1921148 503.1021076 387.2384198 250.1594967 203.1550074 179.3264222 77.13291257 4933.616820 5402.973433 5585.212631 5768.324990 6092.733310 6210.767616 6575.071049 7047.989407 7593.907843 8365.937288 9134.830776 10592.02368 12720.73419 18118.08333 31757.53115 50254.33578 929467.3442
      sorted:	 77.13291257 179.3264222 203.1550074 250.1594967 387.2384198 503.1021076 668.1921148 723.8675436 836.2768131 919.5273616 1111.343859 1240.291253 1350.841242 1653.622233 1665.018225 1767.314426 1854.929727 2007.453728 2108.596043 2219.937248 2244.894244 2448.515835 2522.770105 2689.894786 2743.621554 2776.783329 2823.449540 2991.058896 3052.157229 3137.731211 3155.640029 3229.624856 3252.520235 3688.508542 3699.083833 3859.879101 3938.320501 4032.579148 4118.935313 4207.543913 4493.934401 4549.685762 4933.616820 5402.973433 5585.212631 5768.324990 6092.733310 6210.767616 6575.071049 7047.989407 7593.907843 8365.937288 9134.830776 10592.02368 12720.73419 18118.08333 31757.53115 50254.33578 929467.3442
