    unsorted:	 431.2707020 437.3266906 440.6453704 423.5914087 465.2507038 472.4346913 400.7944893 382.9854219 385.7679543 376.9954680 499.4753589 510.7695256 361.0649780 536.8569827 547.5504545 342.5691263 576.9183369 574.7075629 338.1924644 603.1025368 325.3671555 323.0974417 624.2385478 657.4651523 691.9491831 712.5201997 745.4192980 802.9181137 799.0870646 789.0052450 838.3602436 866.4511662 911.4557892 945.7178219 1023.754673 1008.629076 1033.507364 1069.886123 1111.090685 1126.959671 1170.347073 246.1889732 240.9197956 251.3884546 1207.320318 1219.232299 1273.297396 1340.794320 1324.769567 1356.974650 1396.746608 164.3487136 1483.179522 1494.104686 1511.239137 1582.812414 1630.003262 1654.383839 1667.634203 1720.236091 1765.593974 1767.906852 1792.900170 1815.650119 1859.640257 1909.899315 1916.038488 30.55154527 1961.450116 38.16680903 22.26071259 8.876652789 2088.358593 2107.223293 2134.740200 2170.142617 2319.424535 2334.999191 2391.108132 2545.235015 2610.319804 2659.632052 2718.863876 2778.010238 2830.458075 2870.365595 2967.974928 3004.682217 3065.993731 3116.940088 3142.439986 3232.114694 3324.645196 3425.243774 3534.905042 3606.656127 3704.325154 3754.753985 4046.153677 4033.646819 4138.423001 4286.073843 4388.653030 4475.491028 4531.212916 4666.679778 4772.544075 4994.979215 5087.684786 5253.247771 5552.401056 5770.612946 6099.951389 6291.399062 6349.103378 6548.419451 6793.338006 7104.247820 7339.069232 7635.225469 8053.820027 8408.559222 9937.157887 10410.65765 10664.48648 11961.95501 12808.04390 15509.12579 16441.76035 18344.91685 19792.62727 26483.97737 27894.80047 31940.63066 37428.54228 58631.60162 89346.62828 112684.6464 323570.7113 936216.6538 1363888.711 3785738.614
      sorted:	 8.876652789 22.26071259 30.55154527 38.16680903 164.3487136 240.9197956 246.1889732 251.3884546 323.0974417 325.3671555 338.1924644 342.5691263 361.0649780 376.9954680 382.9854219 385.7679543 400.7944893 423.5914087 431.2707020 437.3266906 440.6453704 465.2507038 472.4346913 499.4753589 510.7695256 536.8569827 547.5504545 574.7075629 576.9183369 603.1025368 624.2385478 657.4651523 691.9491831 712.5201997 745.4192980 789.0052450 799.0870646 802.9181137 838.3602436 866.4511662 911.4557892 945.7178219 1008.629076 1023.754673 1033.507364 1069.886123 1111.090685 1126.959671 1170.347073 1207.320318 1219.232299 1273.297396 1324.769567 1340.794320 1356.974650 1396.746608 1483.179522 1494.104686 1511.239137 1582.812414 1630.003262 1654.383839 1667.634203 1720.236091 1765.593974 1767.906852 1792.900170 1815.650119 1859.640257 1909.899315 1916.038488 1961.450116 2088.358593 2107.223293 2134.740200 2170.142617 2319.424535 2334.999191 2391.108132 2545.235015 2610.319804 2659.632052 2718.863876 2778.010238 2830.458075 2870.365595 2967.974928 3004.682217 3065.993731 3116.940088 3142.439986 3232.114694 3324.645196 3425.243774 3534.905042 3606.656127 3704.325154 3754.753985 4033.646819 4046.153677 4138.423001 4286.073843 4388.653030 4475.491028 4531.212916 4666.679778 4772.544075 4994.979215 5087.684786 5253.247771 5552.401056 5770.612946 6099.951389 6291.399062 6349.103378 6548.419451 6793.338006 7104.247820 7339.069232 7635.225469 8053.820027 8408.559222 9937.157887 10410.65765 10664.48648 11961.95501 12808.04390 15509.12579 16441.76035 18344.91685 19792.62727 26483.97737 27894.80047 31940.63066 37428.54228 58631.60162 89346.62828 112684.6464 323570.7113 936216.6538 1363888.711 3785738.614
