    unsorted:	 2525.115173 2478.328617 2377.013898 2244.799041 2212.327361 2108.160833 2102.469634 2684.641464 2716.030082 2798.801715 2827.143368 3008.648238 3075.395412 3119.147647 3172.896822 3195.686397 1933.401370 1870.285001 1826.317231 1772.844373 3350.098573 1669.849362 3469.090204 3502.528110 1619.991003 3633.377290 3794.973789 4021.454249 1303.743951 4125.442551 1104.464481 1065.183653 4455.265794 4510.588375 4653.874964 4757.133842 4882.623252 5056.322447 5129.359940 732.3478294 651.1273318 481.5561661 384.9383883 235.5944475 223.2063974 170.0389842 75.99412941 5442.560923 5604.429895 5737.310267 6105.313358 6516.807003 7413.075096 7943.389540 9257.814294 9389.687612 10876.46657 15850.78358 19329.43925 28772.80312 60975.64160 1015280.487
      sorted:	 75.99412941 170.0389842 223.2063974 235.5944475 384.9383883 481.5561661 651.1273318 732.3478294 1065.183653 1104.464481 1303.743951 1619.991003 1669.849362 1772.844373 1826.317231 1870.285001 1933.401370 2102.469634 2108.160833 2212.327361 2244.799041 2377.013898 2478.328617 2525.115173 2684.641464 2716.030082 2798.801715 2827.143368 3008.648238 3075.395412 3119.147647 3172.896822 3195.686397 3350.098573 3469.090204 3502.528110 3633.377290 3794.973789 4021.454249 4125.442551 4455.265794 4510.588375 4653.874964 4757.133842 4882.623252 5056.322447 5129.359940 5442.560923 5604.429895 5737.310267 6105.313358 6516.807003 7413.075096 7943.389540 9257.814294 9389.687612 10876.46657 15850.78358 19329.43925 28772.80312 60975.64160 1015280.487
