    unsorted:	 2981.896789 3030.743909 2854.926255 2812.199468 3126.363052 3200.098562 2715.209070 2676.148560 2555.022395 3278.469491 3364.867545 2475.661247 3495.265268 3536.126561 2272.409472 2214.192508 2135.771742 1950.245391 1860.830703 1787.723768 1686.710274 1593.807732 3832.586072 3921.456363 4095.612410 4273.208942 4378.120716 4528.772321 4555.506801 1300.900995 1152.631301 4772.697713 1002.615250 949.1664166 741.8807054 5058.279625 623.0937385 422.5760952 349.7191054 175.6267530 207.3372833 136.8577975 70.87223620 5397.527329 5683.108346 5856.763214 6012.430250 6087.025333 6343.155026 6439.852915 6858.364625 7295.840472 8081.976755 9699.430823 10138.18226 11042.86745 14588.65916 20055.96954 29872.63978 56791.10102 1229661.025
      sorted:	 70.87223620 136.8577975 175.6267530 207.3372833 349.7191054 422.5760952 623.0937385 741.8807054 949.1664166 1002.615250 1152.631301 1300.900995 1593.807732 1686.710274 1787.723768 1860.830703 1950.245391 2135.771742 2214.192508 2272.409472 2475.661247 2555.022395 2676.148560 2715.209070 2812.199468 2854.926255 2981.896789 3030.743909 3126.363052 3200.098562 3278.469491 3364.867545 3495.265268 3536.126561 3832.586072 3921.456363 4095.612410 4273.208942 4378.120716 4528.772321 4555.506801 4772.697713 5058.279625 5397.527329 5683.108346 5856.763214 6012.430250 6087.025333 6343.155026 6439.852915 6858.364625 7295.840472 8081.976755 9699.430823 10138.18226 11042.86745 14588.65916 20055.96954 29872.63978 56791.10102 1229661.025
