    unsorted:	 2525.174211 2478.444462 2376.871971 2244.807669 2211.106771 2108.186527 2099.218570 2684.712837 2716.167288 2798.958181 2827.198974 3008.719041 3075.437568 3119.208092 3172.972748 3195.754917 1933.608151 1870.217723 1826.397059 1772.799050 3350.178443 1669.847763 3469.264719 3502.628245 1619.689518 3633.535224 3795.217408 1301.464314 4021.655842 4125.599940 1104.239404 1065.001729 4455.555951 4510.718582 4654.283158 4757.430586 4882.724817 732.4279304 650.8184465 5056.360088 5129.555411 481.2786857 384.8894502 235.3992545 223.2184316 169.9225578 75.97449035 5442.832390 5604.527499 5737.557620 6105.396719 6516.924567 7412.873998 7944.088538 9258.153389 9389.807871 10876.08168 15851.98445 19330.93728 28772.61116 60978.78039 1015445.594
      sorted:	 75.97449035 169.9225578 223.2184316 235.3992545 384.8894502 481.2786857 650.8184465 732.4279304 1065.001729 1104.239404 1301.464314 1619.689518 1669.847763 1772.799050 1826.397059 1870.217723 1933.608151 2099.218570 2108.186527 2211.106771 2244.807669 2376.871971 2478.444462 2525.174211 2684.712837 2716.167288 2798.958181 2827.198974 3008.719041 3075.437568 3119.208092 3172.972748 3195.754917 3350.178443 3469.264719 3502.628245 3633.535224 3795.217408 4021.655842 4125.599940 4455.555951 4510.718582 4654.283158 4757.430586 4882.724817 5056.360088 5129.555411 5442.832390 5604.527499 5737.557620 6105.396719 6516.924567 7412.873998 7944.088538 9258.153389 9389.807871 10876.08168 15851.98445 19330.93728 28772.61116 60978.78039 1015445.594
