    unsorted:	 3211.821877 3156.562709 3096.248823 3245.057548 3052.545185 2841.948254 2863.550814 2796.641441 2583.206217 2643.781515 2527.190252 3407.212894 2382.631570 2282.282765 2231.442975 2124.385781 2066.345737 3579.275599 3610.450749 3643.797273 1837.082433 1830.586891 1907.206587 1769.511862 1664.999162 1622.221357 3795.385259 4120.794782 4311.393638 1187.215244 4467.635239 1078.350086 1011.190652 4640.080508 4733.548705 4989.544837 5106.368642 5190.288106 734.5495790 619.6090455 448.9754678 377.6714004 210.7052930 230.1390765 155.8495452 72.84222550 5433.854915 5625.215159 5703.451228 6122.588467 6257.216049 6505.879597 7472.832131 7883.988972 8743.343999 9602.512411 10866.45477 15250.95757 17393.01161 28709.31256 60455.42213 727524.6309
      sorted:	 72.84222550 155.8495452 210.7052930 230.1390765 377.6714004 448.9754678 619.6090455 734.5495790 1011.190652 1078.350086 1187.215244 1622.221357 1664.999162 1769.511862 1830.586891 1837.082433 1907.206587 2066.345737 2124.385781 2231.442975 2282.282765 2382.631570 2527.190252 2583.206217 2643.781515 2796.641441 2841.948254 2863.550814 3052.545185 3096.248823 3156.562709 3211.821877 3245.057548 3407.212894 3579.275599 3610.450749 3643.797273 3795.385259 4120.794782 4311.393638 4467.635239 4640.080508 4733.548705 4989.544837 5106.368642 5190.288106 5433.854915 5625.215159 5703.451228 6122.588467 6257.216049 6505.879597 7472.832131 7883.988972 8743.343999 9602.512411 10866.45477 15250.95757 17393.01161 28709.31256 60455.42213 727524.6309
