    unsorted:	 2184.638250 2169.921613 2577.412425 2550.313630 2455.884905 2678.837912 2403.349167 2309.941011 2762.787745 2829.938251 2907.618339 2034.247558 2013.656160 3078.925681 3100.428225 3249.629109 3349.419217 1844.914762 3479.054952 3499.718986 3606.300372 3659.737629 3709.127989 1727.855939 1644.327519 1498.441832 3906.847208 4027.038907 1349.315733 4179.546746 974.2539788 1051.528981 878.5246700 587.5536793 544.4025453 675.9904590 396.5707599 302.9682419 226.9182854 191.6492640 100.9102476 95.58140925 47.19137305 27.04772924 15.81541025 4469.017095 4560.676840 4985.058972 5116.014194 5294.694351 5366.704121 5491.100281 5959.106793 6232.039833 6776.456094 7563.843901 8926.258850 9540.610077 9939.087197 13885.02428 19605.34216 30145.64055 46477.19264 56725.35262 1119893.524
      sorted:	 15.81541025 27.04772924 47.19137305 95.58140925 100.9102476 191.6492640 226.9182854 302.9682419 396.5707599 544.4025453 587.5536793 675.9904590 878.5246700 974.2539788 1051.528981 1349.315733 1498.441832 1644.327519 1727.855939 1844.914762 2013.656160 2034.247558 2169.921613 2184.638250 2309.941011 2403.349167 2455.884905 2550.313630 2577.412425 2678.837912 2762.787745 2829.938251 2907.618339 3078.925681 3100.428225 3249.629109 3349.419217 3479.054952 3499.718986 3606.300372 3659.737629 3709.127989 3906.847208 4027.038907 4179.546746 4469.017095 4560.676840 4985.058972 5116.014194 5294.694351 5366.704121 5491.100281 5959.106793 6232.039833 6776.456094 7563.843901 8926.258850 9540.610077 9939.087197 13885.02428 19605.34216 30145.64055 46477.19264 56725.35262 1119893.524
