    unsorted:	 1711.144786 1733.553396 1763.920538 1660.735146 2191.700395 2186.737355 2312.090431 2024.787380 2103.097470 1930.629288 2375.225235 2458.782400 2523.262918 2677.985834 2766.148470 2875.970491 2859.413746 2987.142972 3027.058202 3113.298338 3138.878544 1539.435220 3270.589358 3347.712446 3383.715629 1433.370439 3563.687714 3693.395274 1094.036033 3845.937167 3891.414701 1056.080585 4028.831244 886.7312089 593.2150770 683.0718992 398.4586178 298.0067501 313.8938838 241.8979986 163.8263999 200.2458224 99.58353364 38.22902265 25.32130772 11.33209192 4389.375372 4458.328573 4590.939723 4712.843600 4783.746040 4969.641449 5223.686798 5316.556588 5504.830062 6003.316497 6198.456019 6576.053354 7639.073274 8817.217225 9220.238219 10889.72922 15538.51070 19841.76205 28111.76833 60440.61905 1047908.895
      sorted:	 11.33209192 25.32130772 38.22902265 99.58353364 163.8263999 200.2458224 241.8979986 298.0067501 313.8938838 398.4586178 593.2150770 683.0718992 886.7312089 1056.080585 1094.036033 1433.370439 1539.435220 1660.735146 1711.144786 1733.553396 1763.920538 1930.629288 2024.787380 2103.097470 2186.737355 2191.700395 2312.090431 2375.225235 2458.782400 2523.262918 2677.985834 2766.148470 2859.413746 2875.970491 2987.142972 3027.058202 3113.298338 3138.878544 3270.589358 3347.712446 3383.715629 3563.687714 3693.395274 3845.937167 3891.414701 4028.831244 4389.375372 4458.328573 4590.939723 4712.843600 4783.746040 4969.641449 5223.686798 5316.556588 5504.830062 6003.316497 6198.456019 6576.053354 7639.073274 8817.217225 9220.238219 10889.72922 15538.51070 19841.76205 28111.76833 60440.61905 1047908.895
