    unsorted:	 2804.029437 2851.355127 2876.606296 2710.712006 3020.159511 3086.112910 3183.106312 3211.263647 2556.916588 2511.124913 3368.804579 3421.137740 3548.347846 3604.021217 2282.159888 2264.996181 2136.617967 2006.601776 3848.983914 1862.682933 1789.084319 1688.186429 1611.655865 4022.427763 4107.251145 4297.020781 4443.887560 4532.791363 4597.354963 1329.324644 1164.069573 1092.409896 1009.673372 960.4953005 4843.402287 741.7407024 620.9417586 419.2196955 342.8202811 168.4606451 133.0568486 209.2567164 70.45505264 5228.951381 5506.319621 5715.360805 5902.386211 6070.832765 6181.414648 6449.723648 6643.560097 6990.382343 7340.052870 8065.562659 9723.524588 10274.33397 11035.25538 14602.71443 19787.69335 29170.03522 57237.59023 1240536.586
      sorted:	 70.45505264 133.0568486 168.4606451 209.2567164 342.8202811 419.2196955 620.9417586 741.7407024 960.4953005 1009.673372 1092.409896 1164.069573 1329.324644 1611.655865 1688.186429 1789.084319 1862.682933 2006.601776 2136.617967 2264.996181 2282.159888 2511.124913 2556.916588 2710.712006 2804.029437 2851.355127 2876.606296 3020.159511 3086.112910 3183.106312 3211.263647 3368.804579 3421.137740 3548.347846 3604.021217 3848.983914 4022.427763 4107.251145 4297.020781 4443.887560 4532.791363 4597.354963 4843.402287 5228.951381 5506.319621 5715.360805 5902.386211 6070.832765 6181.414648 6449.723648 6643.560097 6990.382343 7340.052870 8065.562659 9723.524588 10274.33397 11035.25538 14602.71443 19787.69335 29170.03522 57237.59023 1240536.586
