    unsorted:	 2856.204026 2812.878086 2714.670233 2964.618306 3032.349255 3126.957183 3203.659249 2557.698948 2545.014158 3298.327724 3457.597046 3538.164975 3611.979547 2326.821431 2272.225028 2138.091451 2032.365510 1796.327431 1870.332025 1762.389585 1694.114742 1595.057026 3842.247155 3859.269679 1393.093820 1309.092941 4113.574749 4220.636776 4337.003829 4541.013125 4508.899381 1147.687697 1045.328153 4730.630396 4929.104604 744.0106447 622.0597943 419.2306616 342.5569047 167.9754975 132.7972555 212.2696602 70.40440169 5436.076011 5676.252740 5809.296967 5962.324665 6080.073255 6259.505059 6454.168320 6708.289609 7007.806820 7444.626752 8115.996290 9980.110328 10427.10147 11070.41806 15427.52076 20246.77301 29185.24849 59054.65234 1285236.073
      sorted:	 70.40440169 132.7972555 167.9754975 212.2696602 342.5569047 419.2306616 622.0597943 744.0106447 1045.328153 1147.687697 1309.092941 1393.093820 1595.057026 1694.114742 1762.389585 1796.327431 1870.332025 2032.365510 2138.091451 2272.225028 2326.821431 2545.014158 2557.698948 2714.670233 2812.878086 2856.204026 2964.618306 3032.349255 3126.957183 3203.659249 3298.327724 3457.597046 3538.164975 3611.979547 3842.247155 3859.269679 4113.574749 4220.636776 4337.003829 4508.899381 4541.013125 4730.630396 4929.104604 5436.076011 5676.252740 5809.296967 5962.324665 6080.073255 6259.505059 6454.168320 6708.289609 7007.806820 7444.626752 8115.996290 9980.110328 10427.10147 11070.41806 15427.52076 20246.77301 29185.24849 59054.65234 1285236.073
