    unsorted:	 2243.371266 2232.936492 2102.935702 2422.643977 2344.996556 2487.852508 2524.443705 2774.960621 2818.067694 2698.907870 2879.456825 3039.752840 3059.250823 3127.962206 3176.697929 3229.375621 3333.050237 1950.582720 1858.860843 1822.347397 1771.179878 1730.833669 1656.175175 3438.241019 3460.876301 1507.160204 3715.821338 3921.337817 3991.902714 1180.370476 1083.599156 995.8640264 4149.844654 725.9258940 644.2806924 490.9658673 386.6008347 280.9449823 246.1585188 222.0187491 188.6843486 156.0938977 76.93258066 42.12003121 9.446025358 21.57843709 4466.815637 4521.727360 4673.527080 4751.682066 4919.488573 5030.366739 5275.699170 5328.534213 5503.711903 5975.409752 6054.678238 6501.017532 7725.122874 8654.671115 8944.458095 10807.13384 15376.29426 18343.42030 28111.89761 59427.60920 851786.0640
      sorted:	 9.446025358 21.57843709 42.12003121 76.93258066 156.0938977 188.6843486 222.0187491 246.1585188 280.9449823 386.6008347 490.9658673 644.2806924 725.9258940 995.8640264 1083.599156 1180.370476 1507.160204 1656.175175 1730.833669 1771.179878 1822.347397 1858.860843 1950.582720 2102.935702 2232.936492 2243.371266 2344.996556 2422.643977 2487.852508 2524.443705 2698.907870 2774.960621 2818.067694 2879.456825 3039.752840 3059.250823 3127.962206 3176.697929 3229.375621 3333.050237 3438.241019 3460.876301 3715.821338 3921.337817 3991.902714 4149.844654 4466.815637 4521.727360 4673.527080 4751.682066 4919.488573 5030.366739 5275.699170 5328.534213 5503.711903 5975.409752 6054.678238 6501.017532 7725.122874 8654.671115 8944.458095 10807.13384 15376.29426 18343.42030 28111.89761 59427.60920 851786.0640
