    unsorted:	 2839.706285 2860.450849 2803.735288 2778.920245 3064.242601 3040.005248 3146.388084 3203.840506 3240.917882 2577.772423 2552.925923 2447.469419 3352.577248 2278.945957 2335.194749 2254.510989 2118.081654 3517.815299 3587.853370 1832.092006 1826.294842 1889.083979 1777.196168 1712.540433 1649.099566 3718.833126 1477.721626 4031.008504 4055.182010 4246.694412 1147.868144 1074.306869 870.8917010 727.4522475 595.4524663 461.8845376 382.9746735 260.9845472 230.4707725 222.3828793 180.9033020 150.3019424 74.17863226 43.95527135 7.243171311 17.62341011 4544.397684 4579.545323 4696.539033 4863.543445 4987.679424 5164.439749 5296.234132 5429.558079 5758.450058 6009.082777 6158.759689 6438.061171 7706.684790 8228.572910 9162.676474 10790.59107 14397.03243 16920.69290 28079.62733 58616.36116 583758.1145
      sorted:	 7.243171311 17.62341011 43.95527135 74.17863226 150.3019424 180.9033020 222.3828793 230.4707725 260.9845472 382.9746735 461.8845376 595.4524663 727.4522475 870.8917010 1074.306869 1147.868144 1477.721626 1649.099566 1712.540433 1777.196168 1826.294842 1832.092006 1889.083979 2118.081654 2254.510989 2278.945957 2335.194749 2447.469419 2552.925923 2577.772423 2778.920245 2803.735288 2839.706285 2860.450849 3040.005248 3064.242601 3146.388084 3203.840506 3240.917882 3352.577248 3517.815299 3587.853370 3718.833126 4031.008504 4055.182010 4246.694412 4544.397684 4579.545323 4696.539033 4863.543445 4987.679424 5164.439749 5296.234132 5429.558079 5758.450058 6009.082777 6158.759689 6438.061171 7706.684790 8228.572910 9162.676474 10790.59107 14397.03243 16920.69290 28079.62733 58616.36116 583758.1145
