    unsorted:	 2857.017058 2836.041399 2780.264106 2575.829386 2632.411085 2483.316408 2409.485632 2314.287838 2278.901535 2235.203926 3039.686675 3073.477021 3159.245459 3203.286766 3237.354128 2111.905293 3363.052241 1830.351094 1826.508054 1874.999653 1768.592254 1676.556675 1635.199383 3525.661578 3589.978471 3719.853368 1152.599612 1075.046430 932.4400939 4046.532202 727.4123330 617.8471119 466.3888776 382.9764399 182.9809367 224.5928015 231.1794247 153.6365656 74.18180480 44.31072212 7.245751975 17.65895853 4238.594897 4334.348362 4573.101314 4689.291116 4813.131856 4924.658830 5127.883894 5285.209958 5422.870695 5526.791765 5997.685855 6149.905792 6415.449004 7705.988572 8220.529130 9099.244576 10730.33786 14391.00185 16717.75330 28079.58166 55007.76159 454156.1350
      sorted:	 7.245751975 17.65895853 44.31072212 74.18180480 153.6365656 182.9809367 224.5928015 231.1794247 382.9764399 466.3888776 617.8471119 727.4123330 932.4400939 1075.046430 1152.599612 1635.199383 1676.556675 1768.592254 1826.508054 1830.351094 1874.999653 2111.905293 2235.203926 2278.901535 2314.287838 2409.485632 2483.316408 2575.829386 2632.411085 2780.264106 2836.041399 2857.017058 3039.686675 3073.477021 3159.245459 3203.286766 3237.354128 3363.052241 3525.661578 3589.978471 3719.853368 4046.532202 4238.594897 4334.348362 4573.101314 4689.291116 4813.131856 4924.658830 5127.883894 5285.209958 5422.870695 5526.791765 5997.685855 6149.905792 6415.449004 7705.988572 8220.529130 9099.244576 10730.33786 14391.00185 16717.75330 28079.58166 55007.76159 454156.1350
