    unsorted:	 1974.935203 2007.548766 1954.494071 2181.158488 2208.371433 2084.703656 2249.071909 2314.864176 2446.206979 2486.318464 2557.857840 2613.208192 2641.542453 2707.340530 2759.112785 1866.323663 2871.984192 2960.742364 3102.914018 3170.547163 3197.313257 3228.232510 3243.135662 1703.355379 1660.999032 1626.477962 3367.009040 3540.027734 1447.696948 3639.818133 3715.624441 1122.973590 1070.926400 955.1100740 3918.227765 4151.019791 4202.672335 4237.124113 700.4394810 595.2152390 473.4762494 406.4712537 336.9560675 294.2870728 195.9731141 140.4473392 137.9954438 73.06958138 37.14348779 29.63452823 13.93213799 4390.070400 4428.737110 4622.374863 4837.036695 4964.781022 5469.791208 5699.107544 6233.604000 7559.972373 10298.58029 10980.72462 16394.04530 28285.38112 27428.37290 39999.32737 43304.32341 77918.86214 30995881.27
      sorted:	 13.93213799 29.63452823 37.14348779 73.06958138 137.9954438 140.4473392 195.9731141 294.2870728 336.9560675 406.4712537 473.4762494 595.2152390 700.4394810 955.1100740 1070.926400 1122.973590 1447.696948 1626.477962 1660.999032 1703.355379 1866.323663 1954.494071 1974.935203 2007.548766 2084.703656 2181.158488 2208.371433 2249.071909 2314.864176 2446.206979 2486.318464 2557.857840 2613.208192 2641.542453 2707.340530 2759.112785 2871.984192 2960.742364 3102.914018 3170.547163 3197.313257 3228.232510 3243.135662 3367.009040 3540.027734 3639.818133 3715.624441 3918.227765 4151.019791 4202.672335 4237.124113 4390.070400 4428.737110 4622.374863 4837.036695 4964.781022 5469.791208 5699.107544 6233.604000 7559.972373 10298.58029 10980.72462 16394.04530 27428.37290 28285.38112 39999.32737 43304.32341 77918.86214 30995881.27
