    unsorted:	 3053.640234 3072.009824 2916.767968 3162.968125 3191.597865 2818.614836 2775.693086 2698.680133 3281.379323 3331.101492 3438.252798 3462.957560 2522.322109 2424.105219 2402.404631 2335.539262 2242.226646 2232.733287 2102.641120 1945.747444 1847.433376 1820.768350 1767.215030 1672.905276 1643.210161 3722.194378 4045.350200 3964.702505 1281.822066 4257.845553 1093.467449 1070.787278 4476.708786 4525.972586 4695.620278 4787.824160 726.5465978 664.0975641 493.6669697 386.6012327 222.2468683 247.5067245 190.2329956 159.1028299 76.93899367 42.24491038 9.449295575 21.63092589 4965.572991 5059.559919 5315.796198 5485.153116 5593.352622 6028.725132 6427.704114 7715.852488 8649.810606 8868.958107 10728.02554 15344.59675 18186.18130 28111.84112 55406.81044 620727.7877
      sorted:	 9.449295575 21.63092589 42.24491038 76.93899367 159.1028299 190.2329956 222.2468683 247.5067245 386.6012327 493.6669697 664.0975641 726.5465978 1070.787278 1093.467449 1281.822066 1643.210161 1672.905276 1767.215030 1820.768350 1847.433376 1945.747444 2102.641120 2232.733287 2242.226646 2335.539262 2402.404631 2424.105219 2522.322109 2698.680133 2775.693086 2818.614836 2916.767968 3053.640234 3072.009824 3162.968125 3191.597865 3281.379323 3331.101492 3438.252798 3462.957560 3722.194378 3964.702505 4045.350200 4257.845553 4476.708786 4525.972586 4695.620278 4787.824160 4965.572991 5059.559919 5315.796198 5485.153116 5593.352622 6028.725132 6427.704114 7715.852488 8649.810606 8868.958107 10728.02554 15344.59675 18186.18130 28111.84112 55406.81044 620727.7877
