    unsorted:	 2826.634014 2873.154002 2778.854209 2691.991549 2526.847743 2510.922508 2999.415241 3098.820003 3171.223367 2436.340861 3245.980169 2247.250127 2315.089070 2192.721902 2109.296171 3396.708550 3511.262812 1944.201449 1846.632668 1769.422267 1661.823778 3741.639399 3963.191191 3970.946583 4125.115249 4171.269464 4231.678177 1445.064685 1287.336398 1117.584222 4457.885443 925.2860402 920.2807854 4626.901892 725.7800601 644.0872397 475.9377680 383.2140668 232.9029686 212.2844290 168.6963063 75.79950707 4936.160100 5160.536056 5463.729126 5742.269961 5902.391987 6109.335402 6245.794179 6648.124222 7012.594265 7595.972985 8766.529937 9121.090201 10434.81966 13466.47750 17677.34776 30902.07242 52366.77915 877851.4451
      sorted:	 75.79950707 168.6963063 212.2844290 232.9029686 383.2140668 475.9377680 644.0872397 725.7800601 920.2807854 925.2860402 1117.584222 1287.336398 1445.064685 1661.823778 1769.422267 1846.632668 1944.201449 2109.296171 2192.721902 2247.250127 2315.089070 2436.340861 2510.922508 2526.847743 2691.991549 2778.854209 2826.634014 2873.154002 2999.415241 3098.820003 3171.223367 3245.980169 3396.708550 3511.262812 3741.639399 3963.191191 3970.946583 4125.115249 4171.269464 4231.678177 4457.885443 4626.901892 4936.160100 5160.536056 5463.729126 5742.269961 5902.391987 6109.335402 6245.794179 6648.124222 7012.594265 7595.972985 8766.529937 9121.090201 10434.81966 13466.47750 17677.34776 30902.07242 52366.77915 877851.4451
