    unsorted:	 246.7401103 246.7401103 246.7401103 426.3778691 422.9521693 434.1991030 440.3567492 463.4310518 471.3113148 497.3444496 400.8780787 382.8565577 377.2154234 509.8124692 356.6754650 342.6868546 337.9480499 325.3582045 323.6398613 315.9761138 535.9900881 538.5170370 570.1773204 572.7942771 602.2657444 621.7454022 655.8022900 712.1153050 744.9487581 752.3575471 796.7863319 790.9526535 806.0326738 838.7102481 873.2862508 906.6306731 913.0534296 216.9768173 1023.282502 1032.185300 1064.866546 1073.341225 1124.315836 1148.725269 1160.478158 1191.660494 1257.669748 151.4668103 1337.792185 1353.552250 1378.995293 1404.545897 1477.279184 1493.186849 1512.531789 1584.309995 1635.234667 1670.081892 1718.719812 1721.580066 1727.709144 1774.775466 1791.755272 1835.211371 1902.282510 1915.933154 28.24909405 30.54622716 8.705414164 9.595013110 1956.070297 2047.591470 2098.277703 2129.602934 2166.417107 2322.554413 2344.348545 2402.604861 2503.587189 2544.014136 2617.456522 2724.876463 2772.541828 2816.081646 2879.200126 2989.543391 3022.569500 3088.522796 3190.690411 3215.614803 3317.032517 3421.508491 3444.441070 3573.501427 3699.336503 3860.988203 3912.751317 4066.488006 4265.965413 4303.570623 4403.165185 4479.501134 4656.068082 4699.614889 4787.341025 5097.989400 5206.078352 5257.080891 5605.167401 5769.247246 6183.323778 6268.621415 6490.013710 6553.428655 6773.395223 6874.831382 7485.791528 7988.417832 8230.463714 9290.425615 9891.334001 10109.25620 11743.80396 12588.16856 14250.06065 15336.31443 17550.01364 18402.28160 25074.26727 29205.38958 30344.36524 35954.15651 54103.74314 84292.83685 107037.1056 306557.5855 857123.5733 1025545.710 3433153.404 246.7401103
      sorted:	 8.705414164 9.595013110 28.24909405 30.54622716 151.4668103 216.9768173 246.7401103 246.7401103 246.7401103 246.7401103 315.9761138 323.6398613 325.3582045 337.9480499 342.6868546 356.6754650 377.2154234 382.8565577 400.8780787 422.9521693 426.3778691 434.1991030 440.3567492 463.4310518 471.3113148 497.3444496 509.8124692 535.9900881 538.5170370 570.1773204 572.7942771 602.2657444 621.7454022 655.8022900 712.1153050 744.9487581 752.3575471 790.9526535 796.7863319 806.0326738 838.7102481 873.2862508 906.6306731 913.0534296 1023.282502 1032.185300 1064.866546 1073.341225 1124.315836 1148.725269 1160.478158 1191.660494 1257.669748 1337.792185 1353.552250 1378.995293 1404.545897 1477.279184 1493.186849 1512.531789 1584.309995 1635.234667 1670.081892 1718.719812 1721.580066 1727.709144 1774.775466 1791.755272 1835.211371 1902.282510 1915.933154 1956.070297 2047.591470 2098.277703 2129.602934 2166.417107 2322.554413 2344.348545 2402.604861 2503.587189 2544.014136 2617.456522 2724.876463 2772.541828 2816.081646 2879.200126 2989.543391 3022.569500 3088.522796 3190.690411 3215.614803 3317.032517 3421.508491 3444.441070 3573.501427 3699.336503 3860.988203 3912.751317 4066.488006 4265.965413 4303.570623 4403.165185 4479.501134 4656.068082 4699.614889 4787.341025 5097.989400 5206.078352 5257.080891 5605.167401 5769.247246 6183.323778 6268.621415 6490.013710 6553.428655 6773.395223 6874.831382 7485.791528 7988.417832 8230.463714 9290.425615 9891.334001 10109.25620 11743.80396 12588.16856 14250.06065 15336.31443 17550.01364 18402.28160 25074.26727 29205.38958 30344.36524 35954.15651 54103.74314 84292.83685 107037.1056 306557.5855 857123.5733 1025545.710 3433153.404
