    unsorted:	 2699.266573 2683.558325 2740.375026 2843.598932 2826.100408 2947.157242 2542.506790 3032.010339 2445.257554 2390.324330 3136.698865 3194.284166 2261.089688 2241.602738 2126.616457 3361.463155 3502.665623 3542.713124 1877.884491 1845.642923 1783.155278 1681.914650 3786.782789 3840.385352 4086.739898 4071.909683 1567.419095 4233.711925 4344.430966 4491.072038 4526.695266 1319.217304 1130.318685 1075.188267 4883.226942 743.8238556 630.9601381 5375.496658 433.7716144 364.3350237 191.9477694 145.6741598 225.7639123 72.14565859 5574.622939 5770.678312 6024.387402 6146.657315 6192.061899 6307.911632 6333.945362 6773.557483 7130.489177 7609.146229 8067.717963 9887.199490 10576.05823 10899.18930 15965.34716 19683.49757 28647.19045 61709.82822 1155087.864
      sorted:	 72.14565859 145.6741598 191.9477694 225.7639123 364.3350237 433.7716144 630.9601381 743.8238556 1075.188267 1130.318685 1319.217304 1567.419095 1681.914650 1783.155278 1845.642923 1877.884491 2126.616457 2241.602738 2261.089688 2390.324330 2445.257554 2542.506790 2683.558325 2699.266573 2740.375026 2826.100408 2843.598932 2947.157242 3032.010339 3136.698865 3194.284166 3361.463155 3502.665623 3542.713124 3786.782789 3840.385352 4071.909683 4086.739898 4233.711925 4344.430966 4491.072038 4526.695266 4883.226942 5375.496658 5574.622939 5770.678312 6024.387402 6146.657315 6192.061899 6307.911632 6333.945362 6773.557483 7130.489177 7609.146229 8067.717963 9887.199490 10576.05823 10899.18930 15965.34716 19683.49757 28647.19045 61709.82822 1155087.864
