    unsorted:	 2795.791796 2783.833357 2836.105188 2853.356826 2896.452576 2703.027321 2717.117910 2997.875374 3026.219760 2559.778102 3186.480809 3215.474245 2485.630611 2387.820074 2248.701850 2234.616533 3416.775074 2115.042949 3496.710719 2047.167664 3693.166779 3783.278216 1850.916353 3960.601585 4080.088430 4176.563774 1673.093777 4392.434367 4594.574589 4640.630067 4797.959499 1267.680330 1113.869641 1084.177256 1059.942652 4949.988512 630.1199728 694.1675813 450.0521662 370.8260113 236.6290038 207.5896820 157.2141772 87.87967458 5642.495733 5834.967490 5780.368918 6210.605470 6319.936228 6333.063066 6635.456992 6840.517750 7171.256968 7776.650631 8191.138405 9282.507806 10414.71742 10602.52271 10968.36066 16419.28084 19732.67302 28037.88688 61933.15073 1058828.977
      sorted:	 87.87967458 157.2141772 207.5896820 236.6290038 370.8260113 450.0521662 630.1199728 694.1675813 1059.942652 1084.177256 1113.869641 1267.680330 1673.093777 1850.916353 2047.167664 2115.042949 2234.616533 2248.701850 2387.820074 2485.630611 2559.778102 2703.027321 2717.117910 2783.833357 2795.791796 2836.105188 2853.356826 2896.452576 2997.875374 3026.219760 3186.480809 3215.474245 3416.775074 3496.710719 3693.166779 3783.278216 3960.601585 4080.088430 4176.563774 4392.434367 4594.574589 4640.630067 4797.959499 4949.988512 5642.495733 5780.368918 5834.967490 6210.605470 6319.936228 6333.063066 6635.456992 6840.517750 7171.256968 7776.650631 8191.138405 9282.507806 10414.71742 10602.52271 10968.36066 16419.28084 19732.67302 28037.88688 61933.15073 1058828.977
