    unsorted:	 2825.298110 2782.634097 2760.703699 2696.427923 2994.732725 3075.715468 3148.716679 3201.074692 2525.001889 3325.960322 3336.810144 2461.381563 2243.996555 2289.546739 2112.073511 2015.174263 1867.335105 1846.931930 1769.687488 1736.846629 1661.293868 3650.012717 3778.069861 3949.845670 4190.620029 4196.415014 4105.825106 1377.292445 1308.099916 4388.604880 4530.145523 1117.875920 915.6875329 726.2996037 660.9888125 494.0905105 385.9782911 244.3927814 203.4743615 175.6880534 76.44168331 4873.150507 5008.455119 5478.885079 5679.920077 5797.979363 6017.047574 6261.241876 6642.371940 7117.272532 7803.888795 8781.797925 9318.887114 10895.00578 13445.37132 18759.62747 31730.84279 52084.60277 975036.4316
      sorted:	 76.44168331 175.6880534 203.4743615 244.3927814 385.9782911 494.0905105 660.9888125 726.2996037 915.6875329 1117.875920 1308.099916 1377.292445 1661.293868 1736.846629 1769.687488 1846.931930 1867.335105 2015.174263 2112.073511 2243.996555 2289.546739 2461.381563 2525.001889 2696.427923 2760.703699 2782.634097 2825.298110 2994.732725 3075.715468 3148.716679 3201.074692 3325.960322 3336.810144 3650.012717 3778.069861 3949.845670 4105.825106 4190.620029 4196.415014 4388.604880 4530.145523 4873.150507 5008.455119 5478.885079 5679.920077 5797.979363 6017.047574 6261.241876 6642.371940 7117.272532 7803.888795 8781.797925 9318.887114 10895.00578 13445.37132 18759.62747 31730.84279 52084.60277 975036.4316
