    unsorted:	 2844.817185 2793.123221 2901.339013 2698.835877 3017.576731 3086.036617 3190.611171 3223.184672 3339.019461 2545.337450 2510.669052 2364.858867 2264.139546 2125.989074 2160.450617 3493.101933 3530.011421 1857.874978 1782.148355 1681.031858 1658.340820 3810.791695 3943.771767 4068.337649 4107.229870 4223.743846 4334.538286 4505.337473 4557.598826 1405.184263 1272.685873 1130.794569 1010.670175 920.4356384 4850.863860 736.6570360 623.3047916 426.5938458 357.5128344 183.9219364 141.2387784 217.1971117 71.94729774 5271.661730 5362.022392 5566.929972 5887.595721 6126.623226 6141.611310 6239.806080 6577.114407 6942.306789 7226.866576 7869.149611 9468.289197 10084.89145 10492.57424 14613.15986 18713.41747 29253.02021 56852.36784 1047159.606
      sorted:	 71.94729774 141.2387784 183.9219364 217.1971117 357.5128344 426.5938458 623.3047916 736.6570360 920.4356384 1010.670175 1130.794569 1272.685873 1405.184263 1658.340820 1681.031858 1782.148355 1857.874978 2125.989074 2160.450617 2264.139546 2364.858867 2510.669052 2545.337450 2698.835877 2793.123221 2844.817185 2901.339013 3017.576731 3086.036617 3190.611171 3223.184672 3339.019461 3493.101933 3530.011421 3810.791695 3943.771767 4068.337649 4107.229870 4223.743846 4334.538286 4505.337473 4557.598826 4850.863860 5271.661730 5362.022392 5566.929972 5887.595721 6126.623226 6141.611310 6239.806080 6577.114407 6942.306789 7226.866576 7869.149611 9468.289197 10084.89145 10492.57424 14613.15986 18713.41747 29253.02021 56852.36784 1047159.606
