    unsorted:	 2455.316021 2469.337298 2535.300346 2574.524991 2676.680680 2762.323801 2344.732569 2184.206223 2200.021246 2108.221253 2058.044750 2019.238595 2855.980553 2889.800451 3021.629094 3086.456088 3140.609132 1830.134659 1729.173149 1661.070681 1622.115711 3343.818910 3521.084966 3475.859077 3549.340398 3605.891554 3679.575310 1423.405808 3891.227066 3954.009365 4083.865806 1096.054358 1054.625186 929.2816312 592.5483920 680.3667283 466.8929960 397.5987652 309.1762248 237.1236650 196.4224593 137.4597923 99.58360557 37.24876960 27.65190453 12.75109178 4468.822978 4505.666674 4851.749163 4976.190252 5061.921247 5235.138502 5392.510884 5426.448652 5708.622858 6045.393636 6298.190850 6683.833706 7688.487575 8897.045572 9683.221990 10892.75215 15594.16853 20139.95959 28107.81594 43342.80183 61486.98464 1141073.061
      sorted:	 12.75109178 27.65190453 37.24876960 99.58360557 137.4597923 196.4224593 237.1236650 309.1762248 397.5987652 466.8929960 592.5483920 680.3667283 929.2816312 1054.625186 1096.054358 1423.405808 1622.115711 1661.070681 1729.173149 1830.134659 2019.238595 2058.044750 2108.221253 2184.206223 2200.021246 2344.732569 2455.316021 2469.337298 2535.300346 2574.524991 2676.680680 2762.323801 2855.980553 2889.800451 3021.629094 3086.456088 3140.609132 3343.818910 3475.859077 3521.084966 3549.340398 3605.891554 3679.575310 3891.227066 3954.009365 4083.865806 4468.822978 4505.666674 4851.749163 4976.190252 5061.921247 5235.138502 5392.510884 5426.448652 5708.622858 6045.393636 6298.190850 6683.833706 7688.487575 8897.045572 9683.221990 10892.75215 15594.16853 20139.95959 28107.81594 43342.80183 61486.98464 1141073.061
