    unsorted:	 2783.906191 2830.450423 2851.347965 2697.002252 3029.879962 3011.682007 3140.085376 3188.432830 2538.330666 3313.397355 3348.222172 2486.391435 3500.120739 2256.694262 2328.523225 2122.645550 2108.174594 3685.318320 3815.882459 1857.874912 1778.497519 1675.642112 1632.218469 4034.890744 4041.743183 4189.954164 4288.461910 4444.886727 4512.087269 1292.066937 1193.923870 1113.854885 1008.361708 4728.170534 737.1360666 633.3842755 444.0286075 372.2020709 205.0246291 214.7935075 153.0210430 73.19582434 5090.476774 5272.092079 5531.783682 5828.958180 6038.443412 6088.361318 6179.670151 6441.825279 6785.521255 7190.875495 7916.457823 9452.371433 10023.95565 10558.60521 14633.02676 19113.55791 30049.01071 56571.62966 1055945.836
      sorted:	 73.19582434 153.0210430 205.0246291 214.7935075 372.2020709 444.0286075 633.3842755 737.1360666 1008.361708 1113.854885 1193.923870 1292.066937 1632.218469 1675.642112 1778.497519 1857.874912 2108.174594 2122.645550 2256.694262 2328.523225 2486.391435 2538.330666 2697.002252 2783.906191 2830.450423 2851.347965 3011.682007 3029.879962 3140.085376 3188.432830 3313.397355 3348.222172 3500.120739 3685.318320 3815.882459 4034.890744 4041.743183 4189.954164 4288.461910 4444.886727 4512.087269 4728.170534 5090.476774 5272.092079 5531.783682 5828.958180 6038.443412 6088.361318 6179.670151 6441.825279 6785.521255 7190.875495 7916.457823 9452.371433 10023.95565 10558.60521 14633.02676 19113.55791 30049.01071 56571.62966 1055945.836
