    unsorted:	 2835.684598 2817.186250 2760.406610 2709.191665 2670.962306 2916.347094 3002.740860 3041.962340 2535.742109 3148.822423 3185.074814 2450.537820 2419.405058 2252.769363 3494.584427 3429.134048 2125.899539 2151.442397 3640.204216 3870.184869 3855.063701 1879.304637 4130.797578 4063.795257 1786.308356 1700.438702 1667.501067 4269.346728 4362.414151 4557.802844 4635.470693 1405.449084 1141.800583 1079.948679 1049.361524 4882.348501 749.3652104 641.2946092 450.9600388 375.1566891 209.6599422 219.1279951 155.6760034 72.68039404 5426.291593 5598.422650 5809.785509 6096.245079 6123.812718 6244.359209 6407.198288 6432.671619 6901.421838 7328.213043 7868.172086 8282.758302 10157.41369 10807.19626 10956.95722 16041.95366 20541.97341 28024.38241 61928.92140 1271269.950
      sorted:	 72.68039404 155.6760034 209.6599422 219.1279951 375.1566891 450.9600388 641.2946092 749.3652104 1049.361524 1079.948679 1141.800583 1405.449084 1667.501067 1700.438702 1786.308356 1879.304637 2125.899539 2151.442397 2252.769363 2419.405058 2450.537820 2535.742109 2670.962306 2709.191665 2760.406610 2817.186250 2835.684598 2916.347094 3002.740860 3041.962340 3148.822423 3185.074814 3429.134048 3494.584427 3640.204216 3855.063701 3870.184869 4063.795257 4130.797578 4269.346728 4362.414151 4557.802844 4635.470693 4882.348501 5426.291593 5598.422650 5809.785509 6096.245079 6123.812718 6244.359209 6407.198288 6432.671619 6901.421838 7328.213043 7868.172086 8282.758302 10157.41369 10807.19626 10956.95722 16041.95366 20541.97341 28024.38241 61928.92140 1271269.950
