    unsorted:	 2848.675697 2863.192447 2796.363049 2928.771478 2983.748014 3011.309107 3076.233989 2713.235488 3207.234745 3192.199085 3252.070178 2627.354919 2540.580270 2467.830511 2286.518488 2250.343710 3483.632242 3527.711775 2156.342373 2084.546122 3790.553743 1887.089666 1744.285143 3994.187829 4071.676565 4216.455987 1647.544555 4439.663380 4637.755513 4716.588962 1346.612608 4870.035475 1128.872839 1073.852088 1054.376310 5097.947144 644.4532191 695.1814075 459.8871744 374.6211371 234.9585389 211.8573951 161.1010085 87.13331661 5701.702470 5792.110516 5841.032857 6112.380503 6389.439003 6485.677633 6696.699925 6932.087781 7412.891681 7816.066470 8449.900135 9428.227665 10554.46264 10633.21363 10971.62760 16318.20348 20887.43313 27979.52079 61565.02138 1213558.933
      sorted:	 87.13331661 161.1010085 211.8573951 234.9585389 374.6211371 459.8871744 644.4532191 695.1814075 1054.376310 1073.852088 1128.872839 1346.612608 1647.544555 1744.285143 1887.089666 2084.546122 2156.342373 2250.343710 2286.518488 2467.830511 2540.580270 2627.354919 2713.235488 2796.363049 2848.675697 2863.192447 2928.771478 2983.748014 3011.309107 3076.233989 3192.199085 3207.234745 3252.070178 3483.632242 3527.711775 3790.553743 3994.187829 4071.676565 4216.455987 4439.663380 4637.755513 4716.588962 4870.035475 5097.947144 5701.702470 5792.110516 5841.032857 6112.380503 6389.439003 6485.677633 6696.699925 6932.087781 7412.891681 7816.066470 8449.900135 9428.227665 10554.46264 10633.21363 10971.62760 16318.20348 20887.43313 27979.52079 61565.02138 1213558.933
