    unsorted:	 2836.413277 2782.874874 2885.964306 3017.909871 2983.791058 2690.293601 3131.727791 3187.144618 3314.983155 2537.504053 2480.050579 2362.730619 2305.359331 2255.531142 2119.898725 3445.322859 3492.308407 2065.694835 1851.555713 1775.100883 1670.844215 3785.253329 3942.954542 4031.506203 4100.051582 4188.445900 4287.528122 1529.589450 4446.339862 4523.495264 1282.367873 1127.818430 958.7121561 891.3577739 734.2258646 631.8424646 4866.141789 445.0402727 372.8965032 206.4423381 214.1068105 153.8863536 73.43331185 5242.872907 5528.589580 5633.165063 5973.257669 6060.206722 6176.532235 6407.255931 6778.457614 7131.274432 7790.978027 9212.322004 9620.748466 10500.70843 14064.82714 18501.14789 30054.54547 55272.17250 990849.1720
      sorted:	 73.43331185 153.8863536 206.4423381 214.1068105 372.8965032 445.0402727 631.8424646 734.2258646 891.3577739 958.7121561 1127.818430 1282.367873 1529.589450 1670.844215 1775.100883 1851.555713 2065.694835 2119.898725 2255.531142 2305.359331 2362.730619 2480.050579 2537.504053 2690.293601 2782.874874 2836.413277 2885.964306 2983.791058 3017.909871 3131.727791 3187.144618 3314.983155 3445.322859 3492.308407 3785.253329 3942.954542 4031.506203 4100.051582 4188.445900 4287.528122 4446.339862 4523.495264 4866.141789 5242.872907 5528.589580 5633.165063 5973.257669 6060.206722 6176.532235 6407.255931 6778.457614 7131.274432 7790.978027 9212.322004 9620.748466 10500.70843 14064.82714 18501.14789 30054.54547 55272.17250 990849.1720
