    unsorted:	 2695.394255 2800.413785 2827.726962 2856.192003 2730.316392 2995.640663 3030.001902 3071.100361 3119.815562 3170.146510 3191.167325 3317.709586 2522.951991 3468.947659 3451.001748 3504.481250 2243.012753 2363.369006 2180.957404 2109.787078 2000.795698 1852.498343 1823.177774 1769.131839 1674.630986 1652.697383 3763.127197 3805.423867 4015.467314 4155.740351 1200.048564 1127.345031 1076.393292 4511.890153 4495.238809 767.9690712 735.4355640 560.7274650 467.6358431 385.7291506 235.4813415 222.9348238 170.3017815 76.00933753 4809.132401 4882.312648 5064.242543 5315.980770 5493.953054 5939.942662 6111.699068 6392.448110 6487.133548 6618.472862 7620.756337 8047.673683 9389.158063 9689.452568 10889.53770 15888.80950 19490.07048 28075.71304 61461.63567 1072609.539
      sorted:	 76.00933753 170.3017815 222.9348238 235.4813415 385.7291506 467.6358431 560.7274650 735.4355640 767.9690712 1076.393292 1127.345031 1200.048564 1652.697383 1674.630986 1769.131839 1823.177774 1852.498343 2000.795698 2109.787078 2180.957404 2243.012753 2363.369006 2522.951991 2695.394255 2730.316392 2800.413785 2827.726962 2856.192003 2995.640663 3030.001902 3071.100361 3119.815562 3170.146510 3191.167325 3317.709586 3451.001748 3468.947659 3504.481250 3763.127197 3805.423867 4015.467314 4155.740351 4495.238809 4511.890153 4809.132401 4882.312648 5064.242543 5315.980770 5493.953054 5939.942662 6111.699068 6392.448110 6487.133548 6618.472862 7620.756337 8047.673683 9389.158063 9689.452568 10889.53770 15888.80950 19490.07048 28075.71304 61461.63567 1072609.539
