    unsorted:	 2762.325285 2713.935104 2675.772322 2855.878986 2887.301610 2950.493799 3057.643848 3095.469428 3126.375545 2467.672930 2450.259596 2342.394009 2223.361373 2184.608039 2020.909907 1902.090314 1729.884127 1654.839757 1552.463130 3641.989685 3601.676219 3504.106285 3726.868378 3792.905477 3940.393469 3953.119274 1402.996367 1217.825060 1066.704277 1010.457253 4165.402546 865.7942149 696.9523689 667.1508404 591.0192264 397.5683709 307.2231380 234.4277578 185.2155198 113.1688066 105.4071535 56.85786284 19.64171198 22.05670981 4430.612627 4767.219455 5139.749848 5236.482754 5330.229337 5587.712678 5969.163746 5986.442503 6747.571705 7288.834217 8592.166109 8828.050450 10165.53291 12640.18734 18752.16044 31785.72987 50410.53180 73033.40418 1022521.826
      sorted:	 19.64171198 22.05670981 56.85786284 105.4071535 113.1688066 185.2155198 234.4277578 307.2231380 397.5683709 591.0192264 667.1508404 696.9523689 865.7942149 1010.457253 1066.704277 1217.825060 1402.996367 1552.463130 1654.839757 1729.884127 1902.090314 2020.909907 2184.608039 2223.361373 2342.394009 2450.259596 2467.672930 2675.772322 2713.935104 2762.325285 2855.878986 2887.301610 2950.493799 3057.643848 3095.469428 3126.375545 3504.106285 3601.676219 3641.989685 3726.868378 3792.905477 3940.393469 3953.119274 4165.402546 4430.612627 4767.219455 5139.749848 5236.482754 5330.229337 5587.712678 5969.163746 5986.442503 6747.571705 7288.834217 8592.166109 8828.050450 10165.53291 12640.18734 18752.16044 31785.72987 50410.53180 73033.40418 1022521.826
