    unsorted:	 2793.391749 2770.025676 2730.366127 2920.582306 2991.054966 3063.481610 2511.666123 2490.138716 3195.262674 2347.181471 2300.267922 2214.450774 3274.942242 1910.504839 1905.102702 1962.719669 1808.699040 1757.577437 3409.945431 1598.735120 3650.571260 3671.477998 3804.827821 3920.711875 3976.213580 4104.775165 1447.489402 4208.483055 1347.065850 1163.753997 4460.583510 1076.003184 4682.505276 860.0975134 4927.632636 620.7668549 5076.905355 5312.799043 501.0850846 434.5572177 349.4409807 254.6089855 175.3737741 88.93145822 5421.706754 5545.306152 5791.303750 5964.714682 6093.686056 6665.841295 7092.580849 8738.085808 9006.597674 10848.79437 13027.59511 30884.13534 39284.71024 59994.17256 218011.8345 389847254.4
      sorted:	 88.93145822 175.3737741 254.6089855 349.4409807 434.5572177 501.0850846 620.7668549 860.0975134 1076.003184 1163.753997 1347.065850 1447.489402 1598.735120 1757.577437 1808.699040 1905.102702 1910.504839 1962.719669 2214.450774 2300.267922 2347.181471 2490.138716 2511.666123 2730.366127 2770.025676 2793.391749 2920.582306 2991.054966 3063.481610 3195.262674 3274.942242 3409.945431 3650.571260 3671.477998 3804.827821 3920.711875 3976.213580 4104.775165 4208.483055 4460.583510 4682.505276 4927.632636 5076.905355 5312.799043 5421.706754 5545.306152 5791.303750 5964.714682 6093.686056 6665.841295 7092.580849 8738.085808 9006.597674 10848.79437 13027.59511 30884.13534 39284.71024 59994.17256 218011.8345 389847254.4
