    unsorted:	 3182.251571 3165.211946 3116.809514 3240.656205 3054.374333 3013.260194 3336.019249 3452.057568 3467.228863 3499.253398 2824.294278 2788.945178 2713.047833 2693.798309 2525.453102 2486.591075 2344.158123 2240.745126 2174.645236 2106.769812 1959.690462 1835.007883 1816.188745 1764.151495 1668.770959 1642.657903 3734.648388 3797.272800 4008.001855 4143.301117 1155.602942 1118.166861 1066.074493 4504.502376 4495.786747 755.4204980 732.2162011 4806.346857 4877.918946 532.2509025 451.2202076 388.1154826 244.8885184 220.5009335 176.5631991 77.08378521 5062.767561 5256.219952 5433.293720 5646.775859 6021.742805 6280.137397 6428.948924 6651.895725 7675.357673 8068.223999 9411.801415 9852.314145 10851.12633 15844.02394 19834.10575 28005.35768 61270.21494 1135543.392
      sorted:	 77.08378521 176.5631991 220.5009335 244.8885184 388.1154826 451.2202076 532.2509025 732.2162011 755.4204980 1066.074493 1118.166861 1155.602942 1642.657903 1668.770959 1764.151495 1816.188745 1835.007883 1959.690462 2106.769812 2174.645236 2240.745126 2344.158123 2486.591075 2525.453102 2693.798309 2713.047833 2788.945178 2824.294278 3013.260194 3054.374333 3116.809514 3165.211946 3182.251571 3240.656205 3336.019249 3452.057568 3467.228863 3499.253398 3734.648388 3797.272800 4008.001855 4143.301117 4495.786747 4504.502376 4806.346857 4877.918946 5062.767561 5256.219952 5433.293720 5646.775859 6021.742805 6280.137397 6428.948924 6651.895725 7675.357673 8068.223999 9411.801415 9852.314145 10851.12633 15844.02394 19834.10575 28005.35768 61270.21494 1135543.392
