    unsorted:	 2841.323097 2802.609960 2541.640123 2588.125575 2706.562419 2940.738637 3028.708376 3121.953175 3191.523028 2394.389563 2258.402663 2289.414729 2126.996345 3357.641267 3414.778294 1987.807407 1868.996856 1858.215302 1781.021139 1678.734881 3515.011133 1586.070116 3744.612225 3834.142031 4087.433557 4052.932157 4235.331783 4308.074697 4407.874090 4528.992163 1319.640477 1133.724660 1055.352241 1032.906486 4816.546629 742.5165333 630.6064595 434.5985602 365.3419029 193.7860806 218.6678728 146.6843383 72.15676061 5248.313294 5383.944640 5581.009065 5914.798298 6022.197311 6179.614792 6256.229076 6314.423925 6767.944272 7121.573428 7501.788253 8037.039226 9824.783278 10459.11353 10644.69650 15471.84024 19542.53867 28616.38273 59032.36342 1151064.368
      sorted:	 72.15676061 146.6843383 193.7860806 218.6678728 365.3419029 434.5985602 630.6064595 742.5165333 1032.906486 1055.352241 1133.724660 1319.640477 1586.070116 1678.734881 1781.021139 1858.215302 1868.996856 1987.807407 2126.996345 2258.402663 2289.414729 2394.389563 2541.640123 2588.125575 2706.562419 2802.609960 2841.323097 2940.738637 3028.708376 3121.953175 3191.523028 3357.641267 3414.778294 3515.011133 3744.612225 3834.142031 4052.932157 4087.433557 4235.331783 4308.074697 4407.874090 4528.992163 4816.546629 5248.313294 5383.944640 5581.009065 5914.798298 6022.197311 6179.614792 6256.229076 6314.423925 6767.944272 7121.573428 7501.788253 8037.039226 9824.783278 10459.11353 10644.69650 15471.84024 19542.53867 28616.38273 59032.36342 1151064.368
