    unsorted:	 2.177397819e-06 2463.008205 2437.162350 2489.358990 2657.337891 2620.695074 2762.986883 2807.125800 2886.478260 2298.181549 2190.410546 2997.359400 2110.123874 3104.910884 2016.806584 1940.885208 3295.918801 3364.259341 3400.482872 3532.272529 3552.920434 3604.537990 1715.689601 1678.239677 1611.854924 3880.495235 3982.404040 1402.858868 4175.752239 1085.243903 1046.523383 1028.130950 956.8665992 4300.679031 692.3842543 604.8617130 458.3474263 402.0752300 329.7141266 266.7321427 213.2199950 128.6765594 37.13436827 116.9210249 26.96785136 17.08091585 4421.708177 4677.604536 4889.809281 5058.079158 5261.101864 5283.801288 5509.439722 5903.121448 6285.089419 6596.058828 7208.704993 8849.293199 9572.190335 9973.312144 14192.53444 18690.29920 29365.36036 43021.80784 57593.25012 1099169.084
      sorted:	 2.177397819e-06 17.08091585 26.96785136 37.13436827 116.9210249 128.6765594 213.2199950 266.7321427 329.7141266 402.0752300 458.3474263 604.8617130 692.3842543 956.8665992 1028.130950 1046.523383 1085.243903 1402.858868 1611.854924 1678.239677 1715.689601 1940.885208 2016.806584 2110.123874 2190.410546 2298.181549 2437.162350 2463.008205 2489.358990 2620.695074 2657.337891 2762.986883 2807.125800 2886.478260 2997.359400 3104.910884 3295.918801 3364.259341 3400.482872 3532.272529 3552.920434 3604.537990 3880.495235 3982.404040 4175.752239 4300.679031 4421.708177 4677.604536 4889.809281 5058.079158 5261.101864 5283.801288 5509.439722 5903.121448 6285.089419 6596.058828 7208.704993 8849.293199 9572.190335 9973.312144 14192.53444 18690.29920 29365.36036 43021.80784 57593.25012 1099169.084
