    unsorted:	 2750.380911 2768.479659 2679.459060 2864.579734 2897.659986 3013.385979 3047.654513 3101.633665 3235.947350 3242.007094 2455.790472 2470.290981 2338.339426 2237.628920 2188.426757 3366.184765 2024.543362 1913.992833 1733.949980 1721.274713 1656.347042 1525.770699 3481.123540 3556.535507 1402.238052 3711.567886 1185.322578 1060.675407 997.5395262 857.5042491 591.5205138 673.4600571 546.9565036 398.0288616 311.3669777 246.6611540 225.7048233 188.2859364 66.44776021 104.3087997 29.77126050 21.83314107 3911.703914 4100.558124 4400.057353 4521.844156 4722.213540 4907.415504 5123.537473 5247.000277 5807.598974 5917.906936 6624.774213 7247.699235 8568.320443 8790.604301 9513.070022 12617.76772 18551.49456 31782.08277 50925.48301 957358.6007
      sorted:	 21.83314107 29.77126050 66.44776021 104.3087997 188.2859364 225.7048233 246.6611540 311.3669777 398.0288616 546.9565036 591.5205138 673.4600571 857.5042491 997.5395262 1060.675407 1185.322578 1402.238052 1525.770699 1656.347042 1721.274713 1733.949980 1913.992833 2024.543362 2188.426757 2237.628920 2338.339426 2455.790472 2470.290981 2679.459060 2750.380911 2768.479659 2864.579734 2897.659986 3013.385979 3047.654513 3101.633665 3235.947350 3242.007094 3366.184765 3481.123540 3556.535507 3711.567886 3911.703914 4100.558124 4400.057353 4521.844156 4722.213540 4907.415504 5123.537473 5247.000277 5807.598974 5917.906936 6624.774213 7247.699235 8568.320443 8790.604301 9513.070022 12617.76772 18551.49456 31782.08277 50925.48301 957358.6007
