    unsorted:	 2850.314844 2794.885919 2900.493053 3004.505823 3037.532409 2700.582865 3155.336902 3200.705788 2552.214406 3327.124349 3402.682792 2485.747137 3522.442690 2270.416866 2206.555935 2131.659981 1964.990025 1857.541737 1783.165343 1758.581987 1680.347154 3773.944972 3819.445898 1475.546452 4063.678210 4180.606606 4288.830681 4461.444982 4509.019339 4531.785360 1278.263646 1143.596533 953.0567837 4848.957713 746.9569067 725.5582418 619.9088824 422.3796929 350.5320880 176.6106743 137.3418406 209.1412646 71.23576309 5341.858291 5584.467349 5731.446351 5985.637302 6011.410509 6333.133738 6402.463078 6849.497286 7208.088600 7918.496838 9261.078711 9819.912970 10862.80717 14022.18128 18872.81473 29846.04247 55474.37836 1079057.800
      sorted:	 71.23576309 137.3418406 176.6106743 209.1412646 350.5320880 422.3796929 619.9088824 725.5582418 746.9569067 953.0567837 1143.596533 1278.263646 1475.546452 1680.347154 1758.581987 1783.165343 1857.541737 1964.990025 2131.659981 2206.555935 2270.416866 2485.747137 2552.214406 2700.582865 2794.885919 2850.314844 2900.493053 3004.505823 3037.532409 3155.336902 3200.705788 3327.124349 3402.682792 3522.442690 3773.944972 3819.445898 4063.678210 4180.606606 4288.830681 4461.444982 4509.019339 4531.785360 4848.957713 5341.858291 5584.467349 5731.446351 5985.637302 6011.410509 6333.133738 6402.463078 6849.497286 7208.088600 7918.496838 9261.078711 9819.912970 10862.80717 14022.18128 18872.81473 29846.04247 55474.37836 1079057.800
