    unsorted:	 246.7401103 246.7401103 246.7401103 246.7401103 246.7401103 246.7401103 246.7401103 246.7401103 246.7401103 423.0192632 416.5687853 409.7016169 402.2221980 437.0669197 390.5709884 383.3368729 378.6123650 447.9574290 468.9340783 477.2589750 503.9724683 515.9869483 535.0176919 343.2297600 335.0599069 325.7041177 323.9193940 558.8755958 586.2048106 603.3627777 616.0780711 666.2181529 264.9500907 712.9005906 748.9260523 755.8034686 797.4955502 814.2807695 840.5565004 883.8987758 913.7573507 948.5293970 1024.780069 1032.585170 1053.599025 1075.907383 1138.223535 1130.765746 1172.541353 1187.401070 1243.030055 1276.646410 182.0412695 1363.413389 1368.900064 1391.579069 1429.563792 1492.928111 1530.572690 1576.987691 1612.474812 1639.223857 1717.390608 1747.832928 1784.753869 1801.774336 1854.365104 1881.376665 1918.889185 1938.822428 47.12931906 24.30784492 30.63141244 9.182232915 2017.886002 2123.866953 2246.548057 2279.139186 2302.740299 2402.159448 2418.081734 2490.189462 2633.602148 2685.367358 2726.929422 2763.604449 2819.330644 2948.853255 2975.469076 3073.699209 3116.756925 3160.217941 3264.707925 3349.162179 3424.060159 3553.938829 3795.366793 3876.144138 3914.604034 4101.699296 4117.921291 4362.407378 4457.835039 4528.922541 4645.162363 4792.445724 4839.137761 5101.048300 5182.654012 5471.496061 5605.194632 6071.603313 6483.731283 6521.876586 6610.405953 7294.433060 7709.992566 8074.807546 8421.511552 8720.990611 9830.068877 10691.00442 11396.11653 11910.48631 12741.11693 16470.20371 20823.73172 22629.01047 26273.48158 31408.38189 31778.95454 44851.04187 70253.67320 93569.97874 261746.2009 716475.6979 1073971.288 2877160.983 246.7401103
      sorted:	 9.182232915 24.30784492 30.63141244 47.12931906 182.0412695 246.7401103 246.7401103 246.7401103 246.7401103 246.7401103 246.7401103 246.7401103 246.7401103 246.7401103 246.7401103 264.9500907 323.9193940 325.7041177 335.0599069 343.2297600 378.6123650 383.3368729 390.5709884 402.2221980 409.7016169 416.5687853 423.0192632 437.0669197 447.9574290 468.9340783 477.2589750 503.9724683 515.9869483 535.0176919 558.8755958 586.2048106 603.3627777 616.0780711 666.2181529 712.9005906 748.9260523 755.8034686 797.4955502 814.2807695 840.5565004 883.8987758 913.7573507 948.5293970 1024.780069 1032.585170 1053.599025 1075.907383 1130.765746 1138.223535 1172.541353 1187.401070 1243.030055 1276.646410 1363.413389 1368.900064 1391.579069 1429.563792 1492.928111 1530.572690 1576.987691 1612.474812 1639.223857 1717.390608 1747.832928 1784.753869 1801.774336 1854.365104 1881.376665 1918.889185 1938.822428 2017.886002 2123.866953 2246.548057 2279.139186 2302.740299 2402.159448 2418.081734 2490.189462 2633.602148 2685.367358 2726.929422 2763.604449 2819.330644 2948.853255 2975.469076 3073.699209 3116.756925 3160.217941 3264.707925 3349.162179 3424.060159 3553.938829 3795.366793 3876.144138 3914.604034 4101.699296 4117.921291 4362.407378 4457.835039 4528.922541 4645.162363 4792.445724 4839.137761 5101.048300 5182.654012 5471.496061 5605.194632 6071.603313 6483.731283 6521.876586 6610.405953 7294.433060 7709.992566 8074.807546 8421.511552 8720.990611 9830.068877 10691.00442 11396.11653 11910.48631 12741.11693 16470.20371 20823.73172 22629.01047 26273.48158 31408.38189 31778.95454 44851.04187 70253.67320 93569.97874 261746.2009 716475.6979 1073971.288 2877160.983
