    unsorted:	 246.7401103 246.7401103 246.7401103 246.7401103 246.7401103 246.7401103 246.7401103 437.4559801 432.1351677 440.8071125 420.9456114 465.8422153 471.6797296 401.4917981 389.0062132 383.2687208 377.9158587 361.6113507 499.8372827 510.5337676 342.9661090 335.5817130 325.7283449 323.6307213 534.5876478 552.7503172 577.7874603 599.7782639 609.1573942 659.5584103 693.5601766 713.1398891 243.9782398 748.0853775 795.9566653 806.7556577 830.6286088 840.4453790 874.2237890 912.2167402 989.7435314 1027.603703 1033.944134 1071.357225 1114.709181 1128.239641 1167.184013 1197.342881 1233.896442 165.9730269 1336.667005 1347.798288 1367.168998 1401.811498 1488.904431 1503.808307 1523.672251 1578.213726 1592.983914 1629.223244 1657.246590 1720.818833 1770.947371 1796.993196 1814.776681 57.47886313 1879.062513 1909.847234 1924.787798 23.51837808 30.56464960 8.914387182 1985.686028 2111.300789 2177.001652 2196.905301 2315.812143 2370.273116 2478.531105 2521.301809 2570.337180 2626.127474 2727.543937 2752.188133 2801.850028 2873.704387 2976.463783 3005.428554 3073.460001 3199.211039 3264.270140 3300.114694 3429.860833 3464.393495 3560.561384 3708.811762 3875.967279 3951.008414 4173.107413 4202.302459 4233.655880 4404.846443 4560.863289 4600.081096 4748.314065 4996.313111 5038.139918 5246.893424 5442.365549 5874.794365 6330.286587 6350.326047 6453.592907 6604.143941 6671.641741 7629.095867 7921.990792 8405.100470 9087.422351 9428.296813 11254.90723 11944.67794 12605.28534 13065.71311 16810.24458 17466.23015 22297.31487 28110.34987 30764.63872 32935.17548 47646.15712 75882.21807 98088.66356 277512.4231 716805.2568 821595.7826 3031036.685 246.7401103
      sorted:	 8.914387182 23.51837808 30.56464960 57.47886313 165.9730269 243.9782398 246.7401103 246.7401103 246.7401103 246.7401103 246.7401103 246.7401103 246.7401103 246.7401103 323.6307213 325.7283449 335.5817130 342.9661090 361.6113507 377.9158587 383.2687208 389.0062132 401.4917981 420.9456114 432.1351677 437.4559801 440.8071125 465.8422153 471.6797296 499.8372827 510.5337676 534.5876478 552.7503172 577.7874603 599.7782639 609.1573942 659.5584103 693.5601766 713.1398891 748.0853775 795.9566653 806.7556577 830.6286088 840.4453790 874.2237890 912.2167402 989.7435314 1027.603703 1033.944134 1071.357225 1114.709181 1128.239641 1167.184013 1197.342881 1233.896442 1336.667005 1347.798288 1367.168998 1401.811498 1488.904431 1503.808307 1523.672251 1578.213726 1592.983914 1629.223244 1657.246590 1720.818833 1770.947371 1796.993196 1814.776681 1879.062513 1909.847234 1924.787798 1985.686028 2111.300789 2177.001652 2196.905301 2315.812143 2370.273116 2478.531105 2521.301809 2570.337180 2626.127474 2727.543937 2752.188133 2801.850028 2873.704387 2976.463783 3005.428554 3073.460001 3199.211039 3264.270140 3300.114694 3429.860833 3464.393495 3560.561384 3708.811762 3875.967279 3951.008414 4173.107413 4202.302459 4233.655880 4404.846443 4560.863289 4600.081096 4748.314065 4996.313111 5038.139918 5246.893424 5442.365549 5874.794365 6330.286587 6350.326047 6453.592907 6604.143941 6671.641741 7629.095867 7921.990792 8405.100470 9087.422351 9428.296813 11254.90723 11944.67794 12605.28534 13065.71311 16810.24458 17466.23015 22297.31487 28110.34987 30764.63872 32935.17548 47646.15712 75882.21807 98088.66356 277512.4231 716805.2568 821595.7826 3031036.685
