    unsorted:	 2519.501593 2549.179477 2622.776768 2448.542999 2703.852146 2777.999463 2822.359583 2365.830549 2244.234109 2918.381475 2182.073579 2138.283856 2105.822691 3056.656113 3126.325536 3158.473562 3203.282253 1862.833189 1809.917285 1771.009159 1664.110947 1582.560176 3446.171207 3605.108637 3628.360012 3565.909209 3748.018188 3995.349908 4033.741515 1181.751458 1090.152151 1028.888271 4221.905400 728.5066481 651.2144457 487.3368795 446.0755029 383.8128958 231.4608707 219.8665385 168.5081368 130.7096052 76.00885911 41.24510023 24.60334527 10.99682873 4489.799244 4656.841675 4938.082275 5041.782816 5192.382394 5310.712102 5396.291762 5525.224036 5737.137431 6065.149930 6163.057459 6600.978882 7788.421143 8858.183784 9241.057350 10818.79575 15443.10016 18571.24654 28105.41587 40032.89436 60413.82752 925070.9588
      sorted:	 10.99682873 24.60334527 41.24510023 76.00885911 130.7096052 168.5081368 219.8665385 231.4608707 383.8128958 446.0755029 487.3368795 651.2144457 728.5066481 1028.888271 1090.152151 1181.751458 1582.560176 1664.110947 1771.009159 1809.917285 1862.833189 2105.822691 2138.283856 2182.073579 2244.234109 2365.830549 2448.542999 2519.501593 2549.179477 2622.776768 2703.852146 2777.999463 2822.359583 2918.381475 3056.656113 3126.325536 3158.473562 3203.282253 3446.171207 3565.909209 3605.108637 3628.360012 3748.018188 3995.349908 4033.741515 4221.905400 4489.799244 4656.841675 4938.082275 5041.782816 5192.382394 5310.712102 5396.291762 5525.224036 5737.137431 6065.149930 6163.057459 6600.978882 7788.421143 8858.183784 9241.057350 10818.79575 15443.10016 18571.24654 28105.41587 40032.89436 60413.82752 925070.9588
