    unsorted:	 2843.502315 2810.854369 2870.628415 2770.591465 2575.391287 2666.147235 2535.610442 2487.087892 2393.121544 2280.793028 2120.287944 2138.456236 2054.591341 3070.992073 3095.789765 3187.694209 3215.890033 1850.222169 1785.017964 1746.535611 1658.703292 3594.965760 3615.623775 3533.628025 3700.625901 3778.060756 1519.892626 4088.761672 4177.334996 1156.944865 1077.001548 4319.899738 928.1597670 731.2934642 610.4964042 418.7732097 455.4771600 378.1871375 211.0116133 225.9333676 157.5587789 124.3008752 73.12440648 44.70150395 21.05655165 9.326090621 4594.745057 4851.994135 4970.438218 5070.647029 5237.152402 5354.224827 5453.017571 5704.024417 5887.762996 6187.169567 6243.707265 6505.406633 7779.961118 8426.420522 9375.026779 10804.53438 14530.40948 17020.76455 28060.52929 36536.42247 59413.39060 632203.0742
      sorted:	 9.326090621 21.05655165 44.70150395 73.12440648 124.3008752 157.5587789 211.0116133 225.9333676 378.1871375 418.7732097 455.4771600 610.4964042 731.2934642 928.1597670 1077.001548 1156.944865 1519.892626 1658.703292 1746.535611 1785.017964 1850.222169 2054.591341 2120.287944 2138.456236 2280.793028 2393.121544 2487.087892 2535.610442 2575.391287 2666.147235 2770.591465 2810.854369 2843.502315 2870.628415 3070.992073 3095.789765 3187.694209 3215.890033 3533.628025 3594.965760 3615.623775 3700.625901 3778.060756 4088.761672 4177.334996 4319.899738 4594.745057 4851.994135 4970.438218 5070.647029 5237.152402 5354.224827 5453.017571 5704.024417 5887.762996 6187.169567 6243.707265 6505.406633 7779.961118 8426.420522 9375.026779 10804.53438 14530.40948 17020.76455 28060.52929 36536.42247 59413.39060 632203.0742
