    unsorted:	 2846.457507 2811.814800 2548.298378 2561.127240 2713.477067 2981.185770 3040.117605 3127.440285 3191.583552 3333.660261 3520.845889 3471.587551 2343.716609 2262.962605 2165.384930 2128.770565 2015.297353 3631.581123 1868.933074 1789.032206 1696.582049 1656.962949 3858.998428 3893.182888 1507.097275 4097.724053 1360.573063 4262.273038 4363.806787 4563.265968 4532.849737 1144.927178 1050.252201 996.3115920 4826.229671 4953.797532 747.4960591 630.4540010 429.6119850 359.2362293 186.2624122 211.0361328 142.6089563 71.06841741 5498.577235 5682.952268 5821.465720 5974.261016 6120.808236 6280.774631 6543.736248 6863.867495 7136.908746 7620.231879 8221.283442 10065.72950 10526.17215 11234.22260 15479.73275 20672.59952 28517.96124 59537.02969 1351357.451
      sorted:	 71.06841741 142.6089563 186.2624122 211.0361328 359.2362293 429.6119850 630.4540010 747.4960591 996.3115920 1050.252201 1144.927178 1360.573063 1507.097275 1656.962949 1696.582049 1789.032206 1868.933074 2015.297353 2128.770565 2165.384930 2262.962605 2343.716609 2548.298378 2561.127240 2713.477067 2811.814800 2846.457507 2981.185770 3040.117605 3127.440285 3191.583552 3333.660261 3471.587551 3520.845889 3631.581123 3858.998428 3893.182888 4097.724053 4262.273038 4363.806787 4532.849737 4563.265968 4826.229671 4953.797532 5498.577235 5682.952268 5821.465720 5974.261016 6120.808236 6280.774631 6543.736248 6863.867495 7136.908746 7620.231879 8221.283442 10065.72950 10526.17215 11234.22260 15479.73275 20672.59952 28517.96124 59537.02969 1351357.451
