    unsorted:	 246.7401103 246.7401103 246.7401103 246.7401103 246.7401103 246.7401103 246.7401103 432.1048283 437.0948630 440.3089982 421.1296686 465.9447181 471.9898622 402.3492338 383.1638538 383.6602979 378.5563226 500.0899581 511.0720436 534.9743141 358.2015039 551.2452414 343.3678154 335.2335571 324.1555757 325.6858822 578.6227775 600.6837965 610.3483248 662.2708067 695.7513474 713.1755671 749.5948402 797.2648104 813.4987035 829.0623150 842.9093374 862.1622668 238.6024161 914.1338902 990.9691637 1034.683471 1028.883764 1072.864856 1118.308729 1136.505841 1162.888861 1181.921320 1227.164992 1242.879982 164.8474702 1349.291909 1359.601076 1374.034792 1404.317287 1492.277013 1505.113345 1538.469989 1586.509034 1612.736138 1638.284230 1656.194738 50.94898204 1721.120146 1775.073644 1812.287825 1842.667472 1877.122250 1924.950701 1928.997161 23.26989744 30.61459268 8.971351087 1991.444094 2122.733827 2185.733526 2256.739272 2312.196612 2396.387403 2507.696646 2538.538097 2627.846516 2680.959474 2732.268029 2753.592749 2828.112515 2967.101647 2984.320161 3065.577944 3114.425982 3173.333772 3275.468479 3325.626135 3447.289900 3519.029140 3592.961218 3775.381002 3925.480948 4003.110713 4194.755651 4204.758984 4248.756494 4423.778731 4577.078837 4606.645315 4807.539154 4844.954585 5049.408005 5195.068948 5443.207012 5640.036963 5991.615560 6447.398075 6561.824863 6649.201062 6702.001265 7409.226894 7783.967676 8105.943114 8684.345355 9357.257077 10126.57916 11419.67184 11878.12647 12618.89693 13048.08515 16773.22845 21042.47822 22365.51016 28066.06572 30776.53935 32779.96218 47454.23469 75756.47714 97597.88144 274978.4516 778628.3483 989502.3366 3025639.864 246.7401103
      sorted:	 8.971351087 23.26989744 30.61459268 50.94898204 164.8474702 238.6024161 246.7401103 246.7401103 246.7401103 246.7401103 246.7401103 246.7401103 246.7401103 246.7401103 324.1555757 325.6858822 335.2335571 343.3678154 358.2015039 378.5563226 383.1638538 383.6602979 402.3492338 421.1296686 432.1048283 437.0948630 440.3089982 465.9447181 471.9898622 500.0899581 511.0720436 534.9743141 551.2452414 578.6227775 600.6837965 610.3483248 662.2708067 695.7513474 713.1755671 749.5948402 797.2648104 813.4987035 829.0623150 842.9093374 862.1622668 914.1338902 990.9691637 1028.883764 1034.683471 1072.864856 1118.308729 1136.505841 1162.888861 1181.921320 1227.164992 1242.879982 1349.291909 1359.601076 1374.034792 1404.317287 1492.277013 1505.113345 1538.469989 1586.509034 1612.736138 1638.284230 1656.194738 1721.120146 1775.073644 1812.287825 1842.667472 1877.122250 1924.950701 1928.997161 1991.444094 2122.733827 2185.733526 2256.739272 2312.196612 2396.387403 2507.696646 2538.538097 2627.846516 2680.959474 2732.268029 2753.592749 2828.112515 2967.101647 2984.320161 3065.577944 3114.425982 3173.333772 3275.468479 3325.626135 3447.289900 3519.029140 3592.961218 3775.381002 3925.480948 4003.110713 4194.755651 4204.758984 4248.756494 4423.778731 4577.078837 4606.645315 4807.539154 4844.954585 5049.408005 5195.068948 5443.207012 5640.036963 5991.615560 6447.398075 6561.824863 6649.201062 6702.001265 7409.226894 7783.967676 8105.943114 8684.345355 9357.257077 10126.57916 11419.67184 11878.12647 12618.89693 13048.08515 16773.22845 21042.47822 22365.51016 28066.06572 30776.53935 32779.96218 47454.23469 75756.47714 97597.88144 274978.4516 778628.3483 989502.3366 3025639.864
