    unsorted:	 2801.530215 2834.111699 2711.433730 2639.451544 2536.461735 3028.426474 3127.642862 3181.503764 3235.762399 3492.547133 2321.171737 2250.567795 2124.132751 3590.860969 1811.404294 1890.437369 1753.526997 1680.619121 1612.068578 3773.771003 3939.670900 4073.455302 1139.025506 1084.366240 4511.059429 4686.381982 4873.749792 742.3046670 650.2477576 453.7186829 375.1289563 214.2321079 207.1319933 157.5177909 73.25065769 42.52703381 5518.943617 5769.458484 5852.806849 6402.087889 6846.059917 7132.039676 7333.856308 7496.254179 7765.630107 8120.903228 8212.134069 8614.004541 8763.007374 9103.079835 9386.225427 9807.098591 10311.89118 10585.38276 10799.93354 10916.92513 11466.86510 12523.11114 16160.78673 16771.55408 22476.87031 28082.15256 61008.07271 319406.2420 1874760.609
      sorted:	 42.52703381 73.25065769 157.5177909 207.1319933 214.2321079 375.1289563 453.7186829 650.2477576 742.3046670 1084.366240 1139.025506 1612.068578 1680.619121 1753.526997 1811.404294 1890.437369 2124.132751 2250.567795 2321.171737 2536.461735 2639.451544 2711.433730 2801.530215 2834.111699 3028.426474 3127.642862 3181.503764 3235.762399 3492.547133 3590.860969 3773.771003 3939.670900 4073.455302 4511.059429 4686.381982 4873.749792 5518.943617 5769.458484 5852.806849 6402.087889 6846.059917 7132.039676 7333.856308 7496.254179 7765.630107 8120.903228 8212.134069 8614.004541 8763.007374 9103.079835 9386.225427 9807.098591 10311.89118 10585.38276 10799.93354 10916.92513 11466.86510 12523.11114 16160.78673 16771.55408 22476.87031 28082.15256 61008.07271 319406.2420 1874760.609
