    unsorted:	 3023.124653 3086.044483 3122.137582 3184.385519 3256.657884 2840.934672 2817.613901 2719.428188 2543.662376 2638.610526 2458.426279 3384.863078 3504.750377 2339.789776 2256.910372 2138.959101 2130.928009 3693.122225 3742.092372 3849.788589 3912.195056 1896.509815 1802.689954 1737.498270 1681.994186 1585.142241 4102.464442 4234.418982 1328.885228 4542.401184 4637.709312 1140.539996 1076.197042 4815.378487 4979.383860 5010.935881 754.1069572 642.8553329 442.2872593 369.3337697 88.53524094 200.6059111 209.0862474 150.5194045 71.41596059 5478.907322 5732.955751 5888.911101 6198.320519 6238.396214 6346.745614 6577.531120 7005.788239 7381.652823 8093.259713 8507.168357 10173.56863 10822.19682 11999.58153 15958.15939 22152.01014 27950.79003 61478.72632 1044990.191 1919730.533
      sorted:	 71.41596059 88.53524094 150.5194045 200.6059111 209.0862474 369.3337697 442.2872593 642.8553329 754.1069572 1076.197042 1140.539996 1328.885228 1585.142241 1681.994186 1737.498270 1802.689954 1896.509815 2130.928009 2138.959101 2256.910372 2339.789776 2458.426279 2543.662376 2638.610526 2719.428188 2817.613901 2840.934672 3023.124653 3086.044483 3122.137582 3184.385519 3256.657884 3384.863078 3504.750377 3693.122225 3742.092372 3849.788589 3912.195056 4102.464442 4234.418982 4542.401184 4637.709312 4815.378487 4979.383860 5010.935881 5478.907322 5732.955751 5888.911101 6198.320519 6238.396214 6346.745614 6577.531120 7005.788239 7381.652823 8093.259713 8507.168357 10173.56863 10822.19682 11999.58153 15958.15939 22152.01014 27950.79003 61478.72632 1044990.191 1919730.533
