    unsorted:	 246.7401103 246.7401103 246.7401103 246.7401103 246.7401103 246.7401103 246.7401103 246.7401103 246.7401103 383.3906657 382.1430717 377.9311143 401.3941259 415.8609162 417.4186395 423.4054724 437.5192600 450.5104157 468.8688738 479.3295549 504.4675019 518.5462981 534.8893606 342.9113206 335.4486991 325.7828226 323.5174806 559.1093511 587.3777872 602.9049657 615.0782129 664.7107951 266.2696118 712.9372970 748.1770016 759.0126706 796.4255486 807.2896507 837.5145181 891.9747665 911.7869715 950.0569249 1025.693995 1032.717371 1055.348540 1076.783882 1127.059657 1141.016016 1175.168398 181.7651205 1248.872719 1281.879563 1353.533264 1362.105702 1391.591029 1432.296200 1490.172706 1512.760113 1570.495241 1590.945101 1641.760738 1719.444740 1750.239848 1797.370439 1783.447703 1822.936288 50.90798948 1882.772862 1910.759706 1936.728693 24.43395193 30.58135510 9.100521542 2017.347494 2116.537174 2176.300328 2268.342312 2306.642870 2382.434345 2392.683432 2490.262243 2579.542353 2622.761870 2721.282648 2752.998975 2819.612981 2860.476126 2980.971960 3010.136261 3088.876462 3193.101301 3259.938901 3319.477798 3402.377660 3504.896946 3698.664560 3830.938208 3883.805432 4099.360203 4143.590569 4341.386962 4479.941468 4516.942497 4658.851376 4844.930842 4790.957479 5135.712970 5284.007530 5574.292138 6047.405976 6202.786210 6413.639494 6511.606434 6689.016733 7390.357758 7893.092207 8213.379119 8711.610305 9105.526116 10386.09064 11495.06364 11870.89021 12801.63754 16638.49222 18696.43918 20945.37285 26303.46580 31552.75756 31769.37776 45002.33561 70336.33013 93996.76429 264006.8890 703233.2819 853835.1325 2880118.710 246.7401103
      sorted:	 9.100521542 24.43395193 30.58135510 50.90798948 181.7651205 246.7401103 246.7401103 246.7401103 246.7401103 246.7401103 246.7401103 246.7401103 246.7401103 246.7401103 246.7401103 266.2696118 323.5174806 325.7828226 335.4486991 342.9113206 377.9311143 382.1430717 383.3906657 401.3941259 415.8609162 417.4186395 423.4054724 437.5192600 450.5104157 468.8688738 479.3295549 504.4675019 518.5462981 534.8893606 559.1093511 587.3777872 602.9049657 615.0782129 664.7107951 712.9372970 748.1770016 759.0126706 796.4255486 807.2896507 837.5145181 891.9747665 911.7869715 950.0569249 1025.693995 1032.717371 1055.348540 1076.783882 1127.059657 1141.016016 1175.168398 1248.872719 1281.879563 1353.533264 1362.105702 1391.591029 1432.296200 1490.172706 1512.760113 1570.495241 1590.945101 1641.760738 1719.444740 1750.239848 1783.447703 1797.370439 1822.936288 1882.772862 1910.759706 1936.728693 2017.347494 2116.537174 2176.300328 2268.342312 2306.642870 2382.434345 2392.683432 2490.262243 2579.542353 2622.761870 2721.282648 2752.998975 2819.612981 2860.476126 2980.971960 3010.136261 3088.876462 3193.101301 3259.938901 3319.477798 3402.377660 3504.896946 3698.664560 3830.938208 3883.805432 4099.360203 4143.590569 4341.386962 4479.941468 4516.942497 4658.851376 4790.957479 4844.930842 5135.712970 5284.007530 5574.292138 6047.405976 6202.786210 6413.639494 6511.606434 6689.016733 7390.357758 7893.092207 8213.379119 8711.610305 9105.526116 10386.09064 11495.06364 11870.89021 12801.63754 16638.49222 18696.43918 20945.37285 26303.46580 31552.75756 31769.37776 45002.33561 70336.33013 93996.76429 264006.8890 703233.2819 853835.1325 2880118.710
