    unsorted:	 2870.142248 2454.799093 2447.402055 2502.002266 2762.840906 2802.655263 2669.882287 2956.471522 3113.450421 3088.055413 2312.192384 2183.746786 2061.675823 2037.498985 2014.898048 3359.802449 3443.767058 3507.908399 3550.386078 3565.110611 3647.343935 1766.355476 1728.459108 1671.904170 1644.653678 1477.765500 3887.412933 3952.497002 1357.038029 1068.179098 1061.013531 4128.699195 961.9435637 587.6573091 681.7361944 459.0473792 396.5424384 303.5693540 228.8446726 195.3042373 141.8897999 23.53713235 95.67893760 26.00137379 16.69787161 4462.283224 4530.598700 4826.286895 4922.229895 5058.099957 5125.619216 5275.801627 5501.554735 5724.339599 5997.309589 6464.921203 7104.241059 7727.261933 9111.122006 10023.32115 10444.80269 15235.36039 20476.72068 28714.87087 44605.63717 59702.76180 1231494.067
      sorted:	 16.69787161 23.53713235 26.00137379 95.67893760 141.8897999 195.3042373 228.8446726 303.5693540 396.5424384 459.0473792 587.6573091 681.7361944 961.9435637 1061.013531 1068.179098 1357.038029 1477.765500 1644.653678 1671.904170 1728.459108 1766.355476 2014.898048 2037.498985 2061.675823 2183.746786 2312.192384 2447.402055 2454.799093 2502.002266 2669.882287 2762.840906 2802.655263 2870.142248 2956.471522 3088.055413 3113.450421 3359.802449 3443.767058 3507.908399 3550.386078 3565.110611 3647.343935 3887.412933 3952.497002 4128.699195 4462.283224 4530.598700 4826.286895 4922.229895 5058.099957 5125.619216 5275.801627 5501.554735 5724.339599 5997.309589 6464.921203 7104.241059 7727.261933 9111.122006 10023.32115 10444.80269 15235.36039 20476.72068 28714.87087 44605.63717 59702.76180 1231494.067
