    unsorted:	 2895.861907 2835.917045 2766.998057 2677.958084 3028.546248 3087.021012 3149.650029 3192.445771 2459.385429 2446.478002 2371.962922 2206.871146 2188.030085 2099.684069 2029.619595 3288.363614 3373.792523 1962.987384 3476.295626 1748.173028 1733.011837 1658.222504 1617.569876 3552.703977 1419.102472 1289.964921 3803.876745 3891.396933 1068.648622 994.7860798 919.0285220 4057.607058 4161.056039 589.4861135 676.1488681 397.4805196 369.5746988 308.8021350 234.8748531 194.8144559 181.7093832 43.78622067 99.15526672 14.07652654 20.22571902 4444.111109 4632.200963 4730.120681 4894.872535 5081.670447 5326.577098 5861.858055 6022.756820 6642.361624 7388.310135 8720.335192 9032.755331 9371.334974 13325.95658 18559.77804 30938.10915 52844.74497 929600.7864
      sorted:	 14.07652654 20.22571902 43.78622067 99.15526672 181.7093832 194.8144559 234.8748531 308.8021350 369.5746988 397.4805196 589.4861135 676.1488681 919.0285220 994.7860798 1068.648622 1289.964921 1419.102472 1617.569876 1658.222504 1733.011837 1748.173028 1962.987384 2029.619595 2099.684069 2188.030085 2206.871146 2371.962922 2446.478002 2459.385429 2677.958084 2766.998057 2835.917045 2895.861907 3028.546248 3087.021012 3149.650029 3192.445771 3288.363614 3373.792523 3476.295626 3552.703977 3803.876745 3891.396933 4057.607058 4161.056039 4444.111109 4632.200963 4730.120681 4894.872535 5081.670447 5326.577098 5861.858055 6022.756820 6642.361624 7388.310135 8720.335192 9032.755331 9371.334974 13325.95658 18559.77804 30938.10915 52844.74497 929600.7864
