    unsorted:	 2188.993320 2179.129219 2458.769587 2512.084184 2409.040666 2282.307626 2679.411413 2766.823962 2831.295536 2903.456637 2997.010585 3104.356083 3081.173601 3150.705774 3203.149641 2032.226415 3346.923626 3388.176969 1959.691081 3519.429595 3507.127936 1765.841655 1732.761584 1704.159172 1641.684148 1419.877514 1355.423061 3876.552477 3959.161759 4093.317140 1054.604513 974.5137834 850.4258872 587.8097305 679.2348246 397.2703512 307.8183514 257.3670622 231.5591220 158.6436309 194.9996853 48.62063633 96.49315987 25.94698321 7.726308179 4384.052039 4428.192191 4622.118874 4807.855865 5020.360598 5161.773474 5370.010024 5902.722764 6168.543839 6697.167356 7539.288744 8904.548858 9391.452372 9598.810174 13873.34143 19493.79483 30169.45443 55637.53155 1068416.668
      sorted:	 7.726308179 25.94698321 48.62063633 96.49315987 158.6436309 194.9996853 231.5591220 257.3670622 307.8183514 397.2703512 587.8097305 679.2348246 850.4258872 974.5137834 1054.604513 1355.423061 1419.877514 1641.684148 1704.159172 1732.761584 1765.841655 1959.691081 2032.226415 2179.129219 2188.993320 2282.307626 2409.040666 2458.769587 2512.084184 2679.411413 2766.823962 2831.295536 2903.456637 2997.010585 3081.173601 3104.356083 3150.705774 3203.149641 3346.923626 3388.176969 3507.127936 3519.429595 3876.552477 3959.161759 4093.317140 4384.052039 4428.192191 4622.118874 4807.855865 5020.360598 5161.773474 5370.010024 5902.722764 6168.543839 6697.167356 7539.288744 8904.548858 9391.452372 9598.810174 13873.34143 19493.79483 30169.45443 55637.53155 1068416.668
