    unsorted:	 2455.485953 2469.660293 2535.451385 2574.653347 2676.957860 2762.525444 2345.507759 2184.354643 2200.487489 2109.201878 2059.529708 2019.999137 2857.985906 2890.836361 3022.620628 3086.647737 3141.078327 1830.834903 1729.551104 1661.879476 1622.379321 3343.746671 3522.334346 3477.104041 3549.556988 3608.215374 3689.073555 1425.521512 3891.033557 3954.080422 4085.175037 1096.132516 1055.070504 930.3151537 592.4160106 679.9884032 466.9601512 397.4821891 308.3933088 235.5671709 196.0962316 137.4138647 99.55073303 37.25187465 27.64469471 12.74808485 4471.901323 4505.153652 4851.872970 4975.962921 5061.459719 5234.969721 5392.368701 5426.235813 5708.745412 6045.858772 6298.996157 6684.317036 7690.658552 8896.571256 9685.022868 10893.98727 15596.49878 20148.46041 28108.03481 43335.00252 61484.56816 1141539.054
      sorted:	 12.74808485 27.64469471 37.25187465 99.55073303 137.4138647 196.0962316 235.5671709 308.3933088 397.4821891 466.9601512 592.4160106 679.9884032 930.3151537 1055.070504 1096.132516 1425.521512 1622.379321 1661.879476 1729.551104 1830.834903 2019.999137 2059.529708 2109.201878 2184.354643 2200.487489 2345.507759 2455.485953 2469.660293 2535.451385 2574.653347 2676.957860 2762.525444 2857.985906 2890.836361 3022.620628 3086.647737 3141.078327 3343.746671 3477.104041 3522.334346 3549.556988 3608.215374 3689.073555 3891.033557 3954.080422 4085.175037 4471.901323 4505.153652 4851.872970 4975.962921 5061.459719 5234.969721 5392.368701 5426.235813 5708.745412 6045.858772 6298.996157 6684.317036 7690.658552 8896.571256 9685.022868 10893.98727 15596.49878 20148.46041 28108.03481 43335.00252 61484.56816 1141539.054
