    unsorted:	 2798.740078 2833.505276 2862.228453 2724.720392 2700.380215 2943.210859 3037.556455 3061.805472 3124.917441 3185.156682 3204.616280 2535.849929 2494.270218 3424.741301 3528.755172 2256.841568 2234.005054 2125.994357 1883.206999 1788.225134 1712.468450 1669.318383 1600.541790 3853.343904 3844.231852 4038.019594 4106.678232 1445.260324 4311.830329 1144.750815 1064.035709 1050.217602 4525.888225 4576.031523 4775.919464 745.9533770 645.1638490 4982.887938 453.0802050 375.9477579 211.5564113 215.2824749 157.1193733 72.78054550 5655.441997 5578.040448 5706.773863 6032.516295 6217.362038 6349.756013 6428.759185 6833.892776 7251.257985 7582.585508 7926.952713 8313.439834 10448.52738 10651.77226 11289.31375 15931.53829 21355.91238 27960.34490 62018.18533 1495433.922
      sorted:	 72.78054550 157.1193733 211.5564113 215.2824749 375.9477579 453.0802050 645.1638490 745.9533770 1050.217602 1064.035709 1144.750815 1445.260324 1600.541790 1669.318383 1712.468450 1788.225134 1883.206999 2125.994357 2234.005054 2256.841568 2494.270218 2535.849929 2700.380215 2724.720392 2798.740078 2833.505276 2862.228453 2943.210859 3037.556455 3061.805472 3124.917441 3185.156682 3204.616280 3424.741301 3528.755172 3844.231852 3853.343904 4038.019594 4106.678232 4311.830329 4525.888225 4576.031523 4775.919464 4982.887938 5578.040448 5655.441997 5706.773863 6032.516295 6217.362038 6349.756013 6428.759185 6833.892776 7251.257985 7582.585508 7926.952713 8313.439834 10448.52738 10651.77226 11289.31375 15931.53829 21355.91238 27960.34490 62018.18533 1495433.922
