    unsorted:	 431.1031109 440.2912158 437.5110948 423.7344153 465.3647147 472.9486051 401.6948497 499.7797791 511.4877544 383.2583335 378.8066649 376.9311161 360.2314155 537.3413670 549.4479264 578.2263296 576.6864380 342.9955975 337.8281388 604.3444364 323.6460364 325.3597942 626.7521973 660.3906381 692.5512661 713.2671719 746.6332537 790.3474288 800.3786553 810.5583999 841.8918064 853.4809868 913.1647406 947.4198362 1025.705406 1034.409705 1011.953393 1070.280772 1114.534247 1135.279888 1167.229431 1198.330651 246.1845869 251.5410544 236.1392809 1219.928404 1270.631969 1351.572865 1363.500173 1325.548310 1397.172645 1485.898508 1492.109471 1498.095716 1532.846560 163.5791926 1604.216808 1622.855187 1634.431105 1670.397058 1721.040303 1771.307374 1779.695909 1811.376969 1826.423200 1870.916740 1913.947099 1928.824871 1967.943939 30.59955357 39.60184129 23.15085940 8.931853968 2094.286193 2109.877845 2149.560903 2250.218569 2315.488420 2342.388641 2416.478201 2618.043440 2668.130150 2684.993954 2728.457637 2803.530670 2855.969270 2950.547618 2982.950509 3065.558084 3086.428664 3156.421015 3162.090734 3238.048280 3331.180508 3482.322709 3582.708072 3630.807499 3763.557222 3812.726100 4041.825161 4105.721999 4144.592164 4322.778799 4442.709044 4498.385294 4552.645479 4711.859303 4818.289189 5008.984227 5098.714297 5237.453361 5567.309289 5731.075553 5933.739301 6303.197569 6365.106091 6533.729510 6868.816102 7169.042200 7399.464324 7551.112518 7749.868233 8345.449395 8615.984420 10285.62061 10491.72011 11479.22376 12212.60955 12947.76399 15497.40883 16414.47305 18576.29521 24209.02787 26639.36896 27905.75912 31904.24357 37189.83399 58176.77260 89226.84545 111961.0396 321324.7311 945762.7424 1771643.601 3888086.331
      sorted:	 8.931853968 23.15085940 30.59955357 39.60184129 163.5791926 236.1392809 246.1845869 251.5410544 323.6460364 325.3597942 337.8281388 342.9955975 360.2314155 376.9311161 378.8066649 383.2583335 401.6948497 423.7344153 431.1031109 437.5110948 440.2912158 465.3647147 472.9486051 499.7797791 511.4877544 537.3413670 549.4479264 576.6864380 578.2263296 604.3444364 626.7521973 660.3906381 692.5512661 713.2671719 746.6332537 790.3474288 800.3786553 810.5583999 841.8918064 853.4809868 913.1647406 947.4198362 1011.953393 1025.705406 1034.409705 1070.280772 1114.534247 1135.279888 1167.229431 1198.330651 1219.928404 1270.631969 1325.548310 1351.572865 1363.500173 1397.172645 1485.898508 1492.109471 1498.095716 1532.846560 1604.216808 1622.855187 1634.431105 1670.397058 1721.040303 1771.307374 1779.695909 1811.376969 1826.423200 1870.916740 1913.947099 1928.824871 1967.943939 2094.286193 2109.877845 2149.560903 2250.218569 2315.488420 2342.388641 2416.478201 2618.043440 2668.130150 2684.993954 2728.457637 2803.530670 2855.969270 2950.547618 2982.950509 3065.558084 3086.428664 3156.421015 3162.090734 3238.048280 3331.180508 3482.322709 3582.708072 3630.807499 3763.557222 3812.726100 4041.825161 4105.721999 4144.592164 4322.778799 4442.709044 4498.385294 4552.645479 4711.859303 4818.289189 5008.984227 5098.714297 5237.453361 5567.309289 5731.075553 5933.739301 6303.197569 6365.106091 6533.729510 6868.816102 7169.042200 7399.464324 7551.112518 7749.868233 8345.449395 8615.984420 10285.62061 10491.72011 11479.22376 12212.60955 12947.76399 15497.40883 16414.47305 18576.29521 24209.02787 26639.36896 27905.75912 31904.24357 37189.83399 58176.77260 89226.84545 111961.0396 321324.7311 945762.7424 1771643.601 3888086.331
