    unsorted:	 246.7401103 246.7401103 246.7401103 246.7401103 246.7401103 471.2291779 464.1174872 473.7120675 498.0257877 439.2694126 427.5388909 422.4136464 509.9465765 401.4313486 535.4550879 542.6743378 573.7072747 573.0296581 383.2200723 377.9132758 361.4129742 336.9839024 343.0021587 325.6498298 324.0299917 314.6846028 602.3355234 622.6395388 657.4033261 712.5687399 739.4437835 748.1541818 797.7962531 792.5199040 807.1187632 834.2091380 840.5879635 218.6570825 912.8457189 981.3016465 1026.822311 1033.637249 1068.405019 1121.764083 1128.517049 1157.416935 1192.602055 1242.900561 152.4670239 1342.579099 1355.141844 1372.367295 1406.671679 1514.001505 1517.839980 1491.773623 1588.976006 73.05406046 1635.109284 1684.403149 1718.740943 1723.993679 1778.816532 1791.784456 1806.168753 1849.577655 1900.765245 1926.230488 30.55350689 27.28070415 8.732402805 2004.478453 2097.340278 2129.193352 2186.744485 2258.212468 2325.415684 2394.583050 2549.100711 2565.226653 2625.573928 2675.990723 2737.311586 2797.631266 2850.949917 2895.723466 2991.798378 3038.150378 3067.939994 3195.475362 3271.704680 3309.587870 3413.135366 3519.296985 3677.467740 3748.088299 3839.559412 4019.183089 4223.953696 4251.205943 4319.554301 4446.320034 4625.221263 4634.446746 4758.623582 5085.002311 5219.417071 5386.379578 5536.456350 5906.870534 6153.906190 6317.288954 6499.171051 6641.466022 6703.970646 6887.716588 7772.810144 7999.507679 8622.859859 9398.390879 9872.188650 11506.13232 12289.69104 13330.46921 13836.11301 17069.67767 17733.07409 23351.41202 29845.06363 29322.45861 34087.26792 49809.02747 80713.17999 101262.1856 288029.4398 799615.0155 890710.3736 3166848.695 246.7401103
      sorted:	 8.732402805 27.28070415 30.55350689 73.05406046 152.4670239 218.6570825 246.7401103 246.7401103 246.7401103 246.7401103 246.7401103 246.7401103 314.6846028 324.0299917 325.6498298 336.9839024 343.0021587 361.4129742 377.9132758 383.2200723 401.4313486 422.4136464 427.5388909 439.2694126 464.1174872 471.2291779 473.7120675 498.0257877 509.9465765 535.4550879 542.6743378 573.0296581 573.7072747 602.3355234 622.6395388 657.4033261 712.5687399 739.4437835 748.1541818 792.5199040 797.7962531 807.1187632 834.2091380 840.5879635 912.8457189 981.3016465 1026.822311 1033.637249 1068.405019 1121.764083 1128.517049 1157.416935 1192.602055 1242.900561 1342.579099 1355.141844 1372.367295 1406.671679 1491.773623 1514.001505 1517.839980 1588.976006 1635.109284 1684.403149 1718.740943 1723.993679 1778.816532 1791.784456 1806.168753 1849.577655 1900.765245 1926.230488 2004.478453 2097.340278 2129.193352 2186.744485 2258.212468 2325.415684 2394.583050 2549.100711 2565.226653 2625.573928 2675.990723 2737.311586 2797.631266 2850.949917 2895.723466 2991.798378 3038.150378 3067.939994 3195.475362 3271.704680 3309.587870 3413.135366 3519.296985 3677.467740 3748.088299 3839.559412 4019.183089 4223.953696 4251.205943 4319.554301 4446.320034 4625.221263 4634.446746 4758.623582 5085.002311 5219.417071 5386.379578 5536.456350 5906.870534 6153.906190 6317.288954 6499.171051 6641.466022 6703.970646 6887.716588 7772.810144 7999.507679 8622.859859 9398.390879 9872.188650 11506.13232 12289.69104 13330.46921 13836.11301 17069.67767 17733.07409 23351.41202 29322.45861 29845.06363 34087.26792 49809.02747 80713.17999 101262.1856 288029.4398 799615.0155 890710.3736 3166848.695
