    unsorted:	 3027.226073 2991.688710 3051.701921 2911.915615 2853.575231 2630.549613 2602.110177 2670.201923 2446.913397 2406.814292 3264.341221 3335.491756 3392.551310 2277.501778 3523.338963 2071.423317 2025.387133 2018.436871 1882.451367 1834.597106 3704.699512 3771.693594 1686.723491 3972.053347 4076.198577 4220.508685 4299.846056 4425.011932 1446.487414 1306.928618 4574.817291 1216.389852 4778.567423 849.8919979 723.8269797 660.6713978 561.4589931 436.9454850 372.4467786 289.3344390 219.0717799 179.8270907 5065.569333 5342.291821 5634.693559 5690.399267 5819.763740 6062.758142 6303.591480 6764.733431 7370.408126 8317.032915 9197.261808 11336.57744 12419.71965 18844.53711 30738.19818 50572.84404 336519.3399 386551950.8
      sorted:	 179.8270907 219.0717799 289.3344390 372.4467786 436.9454850 561.4589931 660.6713978 723.8269797 849.8919979 1216.389852 1306.928618 1446.487414 1686.723491 1834.597106 1882.451367 2018.436871 2025.387133 2071.423317 2277.501778 2406.814292 2446.913397 2602.110177 2630.549613 2670.201923 2853.575231 2911.915615 2991.688710 3027.226073 3051.701921 3264.341221 3335.491756 3392.551310 3523.338963 3704.699512 3771.693594 3972.053347 4076.198577 4220.508685 4299.846056 4425.011932 4574.817291 4778.567423 5065.569333 5342.291821 5634.693559 5690.399267 5819.763740 6062.758142 6303.591480 6764.733431 7370.408126 8317.032915 9197.261808 11336.57744 12419.71965 18844.53711 30738.19818 50572.84404 336519.3399 386551950.8
