    unsorted:	 2845.905529 2801.255273 2924.331927 2705.457025 3024.123090 3121.379503 3198.024594 2545.914736 2573.560560 3337.374002 3379.262801 2383.560971 2266.364982 2255.558326 2127.791554 3524.420679 1863.439699 1868.119526 1787.214095 1702.609184 1676.405412 3689.650568 3823.779283 4075.041602 4050.654518 4224.573058 4268.037961 4375.311467 4516.807408 1331.627641 1271.959877 1127.495068 1048.070517 4772.086652 740.1850508 624.9803624 5063.859345 427.3061585 358.1214085 141.4511813 184.3128831 220.4677954 71.86211162 5342.461604 5569.472592 5830.905099 5966.068804 6144.413925 6215.567343 6249.440018 6624.835911 6950.305010 7332.296369 7953.129642 9649.648724 10419.89903 10538.36328 15419.47235 19194.79819 29267.24968 58588.10272 1091324.711
      sorted:	 71.86211162 141.4511813 184.3128831 220.4677954 358.1214085 427.3061585 624.9803624 740.1850508 1048.070517 1127.495068 1271.959877 1331.627641 1676.405412 1702.609184 1787.214095 1863.439699 1868.119526 2127.791554 2255.558326 2266.364982 2383.560971 2545.914736 2573.560560 2705.457025 2801.255273 2845.905529 2924.331927 3024.123090 3121.379503 3198.024594 3337.374002 3379.262801 3524.420679 3689.650568 3823.779283 4050.654518 4075.041602 4224.573058 4268.037961 4375.311467 4516.807408 4772.086652 5063.859345 5342.461604 5569.472592 5830.905099 5966.068804 6144.413925 6215.567343 6249.440018 6624.835911 6950.305010 7332.296369 7953.129642 9649.648724 10419.89903 10538.36328 15419.47235 19194.79819 29267.24968 58588.10272 1091324.711
