    unsorted:	 2782.856030 2825.756431 2704.751331 2694.789753 2995.579200 3052.763322 3140.140124 3152.049085 3187.723884 3284.498225 2526.580160 2450.960529 2245.768228 2126.745567 2109.087033 3534.855940 1856.837352 1785.923784 1766.893601 1665.902321 1661.423118 3679.254300 3745.870053 3880.473994 1380.316456 4046.102005 1236.108325 4187.702007 4248.831836 1118.108000 909.9917786 834.0284292 728.2418232 662.9861963 4508.293349 4580.846380 493.4266578 385.4134846 243.5122189 175.3282656 197.7882578 76.01956631 4977.371856 5456.430924 5652.568292 5798.082589 6004.540930 6276.802073 6638.630662 7142.314279 7794.802986 8359.943648 9424.571444 10979.99123 12709.77062 18834.56569 31713.62229 50518.34714 1019498.797
      sorted:	 76.01956631 175.3282656 197.7882578 243.5122189 385.4134846 493.4266578 662.9861963 728.2418232 834.0284292 909.9917786 1118.108000 1236.108325 1380.316456 1661.423118 1665.902321 1766.893601 1785.923784 1856.837352 2109.087033 2126.745567 2245.768228 2450.960529 2526.580160 2694.789753 2704.751331 2782.856030 2825.756431 2995.579200 3052.763322 3140.140124 3152.049085 3187.723884 3284.498225 3534.855940 3679.254300 3745.870053 3880.473994 4046.102005 4187.702007 4248.831836 4508.293349 4580.846380 4977.371856 5456.430924 5652.568292 5798.082589 6004.540930 6276.802073 6638.630662 7142.314279 7794.802986 8359.943648 9424.571444 10979.99123 12709.77062 18834.56569 31713.62229 50518.34714 1019498.797
