    unsorted:	 2184.500094 2196.241469 2283.579317 2364.884357 2455.302836 2441.072015 2028.541489 2640.706785 2679.523269 2762.614778 2840.170856 2894.639297 3098.330511 3075.373404 1988.087595 1866.212366 3250.653781 1729.169814 3337.603777 1650.196864 1430.568462 1422.703199 3573.692154 3638.838618 3726.221290 3770.569583 3878.709910 3949.445773 4127.243280 1073.514422 1001.739839 927.0429750 634.0341199 589.1989281 671.2007712 397.0949052 305.4185622 231.3048215 190.2756783 30.81200709 101.0685480 94.94585386 19.27162805 20.26135275 4354.718713 4505.360416 4869.442549 5072.880857 5189.516262 5397.373551 5520.685521 5953.163974 6073.427140 6730.568119 7385.269931 8734.804673 9017.627668 9907.371074 13328.02530 18542.04903 30930.58816 51603.26400 63900.74765 960065.6051
      sorted:	 19.27162805 20.26135275 30.81200709 94.94585386 101.0685480 190.2756783 231.3048215 305.4185622 397.0949052 589.1989281 634.0341199 671.2007712 927.0429750 1001.739839 1073.514422 1422.703199 1430.568462 1650.196864 1729.169814 1866.212366 1988.087595 2028.541489 2184.500094 2196.241469 2283.579317 2364.884357 2441.072015 2455.302836 2640.706785 2679.523269 2762.614778 2840.170856 2894.639297 3075.373404 3098.330511 3250.653781 3337.603777 3573.692154 3638.838618 3726.221290 3770.569583 3878.709910 3949.445773 4127.243280 4354.718713 4505.360416 4869.442549 5072.880857 5189.516262 5397.373551 5520.685521 5953.163974 6073.427140 6730.568119 7385.269931 8734.804673 9017.627668 9907.371074 13328.02530 18542.04903 30930.58816 51603.26400 63900.74765 960065.6051
