    unsorted:	 432.8882640 429.2240003 439.8250999 423.2162344 464.6584261 472.4103026 401.7446698 498.9336733 510.9067717 383.2076160 378.0132369 368.6144461 536.9461186 550.3874838 575.8615209 577.3757709 343.0648701 337.7629691 334.4232899 325.3415092 323.5560613 603.6358651 625.1621745 659.6215829 665.4879421 713.1676413 746.5332104 810.6384542 797.4101835 787.3349176 828.8410937 842.1842172 912.8968773 926.2827086 1018.078940 1027.467744 1035.714566 1068.849295 1119.041277 1132.414870 1156.483168 246.7401103 224.4513189 1195.237528 1227.907833 1345.918290 1355.564494 1301.960604 1369.474898 1396.941220 1461.577447 1496.014330 1488.701098 1534.605091 157.2874625 1608.458963 1632.810679 1667.852336 1722.161609 1746.510062 1772.267113 1802.474580 1823.419175 1858.654913 1912.355590 1927.424435 1967.255364 38.17757832 30.59622323 22.76557674 8.847579620 2071.761631 2106.726362 2137.826035 2248.938241 2317.319152 2343.781047 2414.936473 2615.878647 2610.638432 2677.069616 2729.852549 2795.635452 2841.679739 2954.812099 2977.258160 3061.815969 3074.288321 3142.912286 3160.396895 3223.194549 3324.374436 3466.767684 3564.621457 3627.843186 3710.677391 3810.722673 4016.933096 4092.787245 4143.017404 4305.161173 4436.995345 4485.326069 4534.724287 4695.184953 4799.554625 4996.245621 5094.851044 5217.099499 5562.894034 5670.883928 5888.546013 6247.526849 6345.227531 6527.971455 6811.824858 7094.676848 7370.419785 7424.393458 7721.565344 8332.476727 8518.905548 10248.90132 10464.71087 11308.83508 12030.02743 12877.89807 15496.74648 16408.69101 18572.32703 23693.00949 26599.60903 28560.58180 31900.35747 37199.58570 58126.53464 89191.22847 111862.0398 321238.7363 944783.4402 1751054.129 3885524.094 246.7401103
      sorted:	 8.847579620 22.76557674 30.59622323 38.17757832 157.2874625 224.4513189 246.7401103 246.7401103 323.5560613 325.3415092 334.4232899 337.7629691 343.0648701 368.6144461 378.0132369 383.2076160 401.7446698 423.2162344 429.2240003 432.8882640 439.8250999 464.6584261 472.4103026 498.9336733 510.9067717 536.9461186 550.3874838 575.8615209 577.3757709 603.6358651 625.1621745 659.6215829 665.4879421 713.1676413 746.5332104 787.3349176 797.4101835 810.6384542 828.8410937 842.1842172 912.8968773 926.2827086 1018.078940 1027.467744 1035.714566 1068.849295 1119.041277 1132.414870 1156.483168 1195.237528 1227.907833 1301.960604 1345.918290 1355.564494 1369.474898 1396.941220 1461.577447 1488.701098 1496.014330 1534.605091 1608.458963 1632.810679 1667.852336 1722.161609 1746.510062 1772.267113 1802.474580 1823.419175 1858.654913 1912.355590 1927.424435 1967.255364 2071.761631 2106.726362 2137.826035 2248.938241 2317.319152 2343.781047 2414.936473 2610.638432 2615.878647 2677.069616 2729.852549 2795.635452 2841.679739 2954.812099 2977.258160 3061.815969 3074.288321 3142.912286 3160.396895 3223.194549 3324.374436 3466.767684 3564.621457 3627.843186 3710.677391 3810.722673 4016.933096 4092.787245 4143.017404 4305.161173 4436.995345 4485.326069 4534.724287 4695.184953 4799.554625 4996.245621 5094.851044 5217.099499 5562.894034 5670.883928 5888.546013 6247.526849 6345.227531 6527.971455 6811.824858 7094.676848 7370.419785 7424.393458 7721.565344 8332.476727 8518.905548 10248.90132 10464.71087 11308.83508 12030.02743 12877.89807 15496.74648 16408.69101 18572.32703 23693.00949 26599.60903 28560.58180 31900.35747 37199.58570 58126.53464 89191.22847 111862.0398 321238.7363 944783.4402 1751054.129 3885524.094
