    unsorted:	 2261.948786 2257.988607 2275.932712 2345.065001 2470.651403 2588.407718 2657.508883 2119.715466 2818.248238 2945.773737 3127.003323 3186.899388 3260.135993 3305.172877 3329.928596 3429.346121 3495.685460 3572.259749 3599.002111 1862.673809 1868.273217 1940.590034 1791.428246 1763.713472 3930.304952 4087.710071 4306.248117 1278.460431 1183.748574 4601.607271 4756.137343 930.8971781 861.7053094 5036.106088 5102.745898 5211.037449 5255.658000 5361.360903 467.8741212 416.2621090 379.1552103 278.2002799 190.7463255 155.4749113 0.6640658588 16.01740916 5855.595447 6021.414861 6105.046840 6679.497980 6918.309820 8065.751703 10532.45265 10795.95432 13112.83568 13701.05536 18923.76140 25181.31235 28095.72059 48302.16203 104976.8608 3117399.952
      sorted:	 0.6640658588 16.01740916 155.4749113 190.7463255 278.2002799 379.1552103 416.2621090 467.8741212 861.7053094 930.8971781 1183.748574 1278.460431 1763.713472 1791.428246 1862.673809 1868.273217 1940.590034 2119.715466 2257.988607 2261.948786 2275.932712 2345.065001 2470.651403 2588.407718 2657.508883 2818.248238 2945.773737 3127.003323 3186.899388 3260.135993 3305.172877 3329.928596 3429.346121 3495.685460 3572.259749 3599.002111 3930.304952 4087.710071 4306.248117 4601.607271 4756.137343 5036.106088 5102.745898 5211.037449 5255.658000 5361.360903 5855.595447 6021.414861 6105.046840 6679.497980 6918.309820 8065.751703 10532.45265 10795.95432 13112.83568 13701.05536 18923.76140 25181.31235 28095.72059 48302.16203 104976.8608 3117399.952
