    unsorted:	 2838.329676 2813.159168 2707.994711 2730.903192 2653.744232 2893.784628 2971.436580 2539.769254 2549.709079 3038.248199 2428.850070 3145.601391 3188.178166 2256.014921 3366.059438 3502.912966 2130.276002 2148.559837 3634.436389 3784.622006 3861.488219 1880.684129 1789.476951 4028.219783 4076.118840 1704.161569 1670.307658 4280.842958 4418.687127 4569.719579 4634.582932 1423.322741 1146.196849 1080.200758 1051.647586 4903.078722 752.4717913 638.4271639 442.9314755 370.7071541 201.7914407 151.1558050 216.6082991 71.81876961 5528.436963 5673.398488 5786.928237 6014.011089 6105.614446 6246.108748 6407.145235 6737.483784 7022.570785 7395.014022 7925.204127 8357.191692 10292.76904 10782.59090 11005.88844 16063.36832 20920.78768 28010.38446 62054.50062 1339498.556
      sorted:	 71.81876961 151.1558050 201.7914407 216.6082991 370.7071541 442.9314755 638.4271639 752.4717913 1051.647586 1080.200758 1146.196849 1423.322741 1670.307658 1704.161569 1789.476951 1880.684129 2130.276002 2148.559837 2256.014921 2428.850070 2539.769254 2549.709079 2653.744232 2707.994711 2730.903192 2813.159168 2838.329676 2893.784628 2971.436580 3038.248199 3145.601391 3188.178166 3366.059438 3502.912966 3634.436389 3784.622006 3861.488219 4028.219783 4076.118840 4280.842958 4418.687127 4569.719579 4634.582932 4903.078722 5528.436963 5673.398488 5786.928237 6014.011089 6105.614446 6246.108748 6407.145235 6737.483784 7022.570785 7395.014022 7925.204127 8357.191692 10292.76904 10782.59090 11005.88844 16063.36832 20920.78768 28010.38446 62054.50062 1339498.556
