    unsorted:	 2695.411179 2827.676853 2800.202570 2850.534182 2730.328099 2997.780818 3034.597991 3072.264274 3120.333698 3170.147196 3191.203464 3317.566007 2522.920843 3468.600826 3450.711757 3504.281450 2242.989132 2363.505583 2180.858040 2109.732581 2000.908586 1852.476065 1823.151097 1769.120666 1674.492091 1652.493858 3764.849510 3805.317032 4015.470668 4155.432054 1201.110417 1127.481918 1076.389258 4511.864776 4495.250038 768.4258887 735.3432229 561.0875847 468.0189122 385.7729586 235.6620330 222.8561774 170.4240867 76.02768036 4809.512672 4882.271105 5064.419540 5316.760627 5493.749349 5939.203463 6108.459924 6385.948652 6482.610626 6617.743305 7621.032637 8047.940435 9389.697944 9696.416389 10887.65663 15885.64022 19499.82491 28074.19824 61451.23167 1074978.216
      sorted:	 76.02768036 170.4240867 222.8561774 235.6620330 385.7729586 468.0189122 561.0875847 735.3432229 768.4258887 1076.389258 1127.481918 1201.110417 1652.493858 1674.492091 1769.120666 1823.151097 1852.476065 2000.908586 2109.732581 2180.858040 2242.989132 2363.505583 2522.920843 2695.411179 2730.328099 2800.202570 2827.676853 2850.534182 2997.780818 3034.597991 3072.264274 3120.333698 3170.147196 3191.203464 3317.566007 3450.711757 3468.600826 3504.281450 3764.849510 3805.317032 4015.470668 4155.432054 4495.250038 4511.864776 4809.512672 4882.271105 5064.419540 5316.760627 5493.749349 5939.203463 6108.459924 6385.948652 6482.610626 6617.743305 7621.032637 8047.940435 9389.697944 9696.416389 10887.65663 15885.64022 19499.82491 28074.19824 61451.23167 1074978.216
