    unsorted:	 2191.502213 2186.959688 2312.327028 2106.226535 2025.462665 2375.538139 2459.011494 2523.692921 2678.410366 2766.389601 2861.630635 2877.155627 2987.822882 3027.265642 3113.590408 3138.381690 1930.538424 1711.282406 1733.992996 1763.684314 1661.570489 3270.014486 3347.394600 3383.548488 1540.055968 1435.227743 3564.185910 3709.382059 3845.314820 3890.854297 1094.190661 1056.593059 4030.456294 887.6503194 593.1447614 682.5863786 398.3405035 296.7723798 313.1813804 240.3419661 163.4459183 199.9662764 99.60448171 38.26257245 25.29414969 11.10926460 4388.581127 4460.778877 4591.139237 4711.808407 4782.577702 4968.576053 5222.947985 5315.901303 5504.187683 6003.453097 6198.689357 6575.876621 7640.147938 8815.921808 9220.858427 10891.34986 15539.90540 19848.55244 28111.43803 60436.15010 1047915.552
      sorted:	 11.10926460 25.29414969 38.26257245 99.60448171 163.4459183 199.9662764 240.3419661 296.7723798 313.1813804 398.3405035 593.1447614 682.5863786 887.6503194 1056.593059 1094.190661 1435.227743 1540.055968 1661.570489 1711.282406 1733.992996 1763.684314 1930.538424 2025.462665 2106.226535 2186.959688 2191.502213 2312.327028 2375.538139 2459.011494 2523.692921 2678.410366 2766.389601 2861.630635 2877.155627 2987.822882 3027.265642 3113.590408 3138.381690 3270.014486 3347.394600 3383.548488 3564.185910 3709.382059 3845.314820 3890.854297 4030.456294 4388.581127 4460.778877 4591.139237 4711.808407 4782.577702 4968.576053 5222.947985 5315.901303 5504.187683 6003.453097 6198.689357 6575.876621 7640.147938 8815.921808 9220.858427 10891.34986 15539.90540 19848.55244 28111.43803 60436.15010 1047915.552
