    unsorted:	 2779.824337 2790.366844 2840.450358 2853.543165 2703.138325 2923.024834 2608.793520 2560.629405 3000.234247 3050.658717 2499.596530 3187.054684 3220.545408 2405.107925 2249.082025 2238.185417 3482.558528 3489.499662 2079.545188 1932.581542 3686.803511 3802.783052 1847.103266 4031.813912 4071.474252 4274.814419 1673.537195 4440.051132 4573.022853 4646.632884 4766.347761 1247.293337 1104.929107 1077.008060 1055.445244 4955.985707 693.3719958 627.9907853 458.4410540 374.1813976 243.2648206 212.6190992 161.4767134 88.98286846 5568.887335 5702.723733 5816.191452 6270.313371 6365.850180 6399.802797 6471.829508 6680.068410 6933.053696 7721.983965 8056.420820 9197.973933 10279.61610 10609.68024 10950.28825 16406.98986 19203.58470 28051.12613 61876.21716 995270.8751
      sorted:	 88.98286846 161.4767134 212.6190992 243.2648206 374.1813976 458.4410540 627.9907853 693.3719958 1055.445244 1077.008060 1104.929107 1247.293337 1673.537195 1847.103266 1932.581542 2079.545188 2238.185417 2249.082025 2405.107925 2499.596530 2560.629405 2608.793520 2703.138325 2779.824337 2790.366844 2840.450358 2853.543165 2923.024834 3000.234247 3050.658717 3187.054684 3220.545408 3482.558528 3489.499662 3686.803511 3802.783052 4031.813912 4071.474252 4274.814419 4440.051132 4573.022853 4646.632884 4766.347761 4955.985707 5568.887335 5702.723733 5816.191452 6270.313371 6365.850180 6399.802797 6471.829508 6680.068410 6933.053696 7721.983965 8056.420820 9197.973933 10279.61610 10609.68024 10950.28825 16406.98986 19203.58470 28051.12613 61876.21716 995270.8751
