    unsorted:	 3172.837019 3196.690449 3114.689097 3076.509152 3002.287445 2827.458862 2793.180711 2705.211598 2652.760479 2526.249877 2479.602953 3343.875150 3472.866085 3503.352051 2369.433343 2245.581942 2194.399882 2109.026746 3570.808735 2003.573791 1882.568878 1828.640788 1811.958809 1762.404761 1666.201677 3789.639000 4024.641646 1493.306625 4120.931005 1259.612425 4408.909287 4497.913225 4595.315901 1099.112361 1052.161205 4757.010900 4881.652480 5054.486633 5131.604359 732.3171598 643.9656437 474.6581431 383.6243820 231.0814111 223.6145703 167.0708949 75.62480268 5437.767007 5605.389810 5736.014940 6102.237233 6512.749456 7406.031019 7925.312361 9242.813111 9361.243641 10873.87845 15832.75657 19281.13975 28766.32007 60938.95845 1007310.861
      sorted:	 75.62480268 167.0708949 223.6145703 231.0814111 383.6243820 474.6581431 643.9656437 732.3171598 1052.161205 1099.112361 1259.612425 1493.306625 1666.201677 1762.404761 1811.958809 1828.640788 1882.568878 2003.573791 2109.026746 2194.399882 2245.581942 2369.433343 2479.602953 2526.249877 2652.760479 2705.211598 2793.180711 2827.458862 3002.287445 3076.509152 3114.689097 3172.837019 3196.690449 3343.875150 3472.866085 3503.352051 3570.808735 3789.639000 4024.641646 4120.931005 4408.909287 4497.913225 4595.315901 4757.010900 4881.652480 5054.486633 5131.604359 5437.767007 5605.389810 5736.014940 6102.237233 6512.749456 7406.031019 7925.312361 9242.813111 9361.243641 10873.87845 15832.75657 19281.13975 28766.32007 60938.95845 1007310.861
