    unsorted:	 2727.800555 2689.389079 2627.557052 2598.133540 2540.473823 2828.786963 2864.603327 2882.859603 2448.109558 2971.265398 2355.694615 2192.251446 2217.143139 2094.891913 2021.983416 2006.848234 1926.063575 1874.303835 3052.699128 1767.449200 1663.997749 1666.327784 1648.404591 1589.739203 3183.528823 3213.441354 3320.157938 1443.329529 3524.821665 3619.920865 3640.768548 1118.160982 1078.128711 3816.881559 3901.997991 3938.143788 973.8179017 4061.451441 4188.114457 4241.062860 702.6777387 596.0007120 406.8451369 306.3168754 294.7548860 340.8934585 165.5582390 198.6553662 138.8564360 73.60608201 36.31449526 28.48565225 11.84934933 4517.691488 4750.074321 4913.313784 5395.222078 5632.029286 6117.888312 7452.765596 10200.54374 10834.71657 16298.36536 26217.15787 28281.89549 39358.72052 76188.48769 24545010.64
      sorted:	 11.84934933 28.48565225 36.31449526 73.60608201 138.8564360 165.5582390 198.6553662 294.7548860 306.3168754 340.8934585 406.8451369 596.0007120 702.6777387 973.8179017 1078.128711 1118.160982 1443.329529 1589.739203 1648.404591 1663.997749 1666.327784 1767.449200 1874.303835 1926.063575 2006.848234 2021.983416 2094.891913 2192.251446 2217.143139 2355.694615 2448.109558 2540.473823 2598.133540 2627.557052 2689.389079 2727.800555 2828.786963 2864.603327 2882.859603 2971.265398 3052.699128 3183.528823 3213.441354 3320.157938 3524.821665 3619.920865 3640.768548 3816.881559 3901.997991 3938.143788 4061.451441 4188.114457 4241.062860 4517.691488 4750.074321 4913.313784 5395.222078 5632.029286 6117.888312 7452.765596 10200.54374 10834.71657 16298.36536 26217.15787 28281.89549 39358.72052 76188.48769 24545010.64
