    unsorted:	 3025.132293 3017.275683 3050.722169 2928.541117 3107.615442 2847.136402 3277.176388 3389.935857 3456.976873 2523.619736 2545.968670 2631.372223 2679.928952 3579.602643 3636.244074 2295.421744 3793.952590 2108.960214 2013.588745 1994.037037 1921.590178 1831.569852 1778.968401 3919.188633 4117.838392 1582.551223 4235.912763 4371.351333 1413.079763 4498.185886 1267.066283 1160.001608 4760.725971 4866.899129 5113.618113 5144.382016 934.0222996 5617.235045 5630.584529 617.6113437 526.2098153 424.3496325 384.6588113 256.3917357 194.0350470 5898.793265 5925.919955 6004.916611 56.96699575 6444.217960 6477.109797 6531.557933 7232.975019 7800.632621 9273.292448 10067.49167 11640.69036 14697.30030 20188.66997 28578.24990 59199.90700 341910.4490 429894126.2
      sorted:	 56.96699575 194.0350470 256.3917357 384.6588113 424.3496325 526.2098153 617.6113437 934.0222996 1160.001608 1267.066283 1413.079763 1582.551223 1778.968401 1831.569852 1921.590178 1994.037037 2013.588745 2108.960214 2295.421744 2523.619736 2545.968670 2631.372223 2679.928952 2847.136402 2928.541117 3017.275683 3025.132293 3050.722169 3107.615442 3277.176388 3389.935857 3456.976873 3579.602643 3636.244074 3793.952590 3919.188633 4117.838392 4235.912763 4371.351333 4498.185886 4760.725971 4866.899129 5113.618113 5144.382016 5617.235045 5630.584529 5898.793265 5925.919955 6004.916611 6444.217960 6477.109797 6531.557933 7232.975019 7800.632621 9273.292448 10067.49167 11640.69036 14697.30030 20188.66997 28578.24990 59199.90700 341910.4490 429894126.2
