    unsorted:	 2779.053198 2770.633595 2822.937885 2693.769391 2991.291422 3079.944192 3158.246279 3225.359361 2521.457050 2466.671493 3322.559468 3374.101359 2324.467847 2242.006106 2107.914205 2089.879492 1973.940623 1860.129809 1767.178031 1774.134813 1659.848078 3714.887029 3938.642030 3915.594278 4061.509994 4123.760752 4189.779790 1365.623128 1308.610703 1112.142084 4415.107009 4561.060132 919.2997976 722.6703572 666.8728482 504.7704347 387.8674193 4890.859361 251.6454557 208.1357918 179.9934604 77.51692167 5023.847334 5405.944838 5625.205294 5786.307741 6082.949940 6207.310307 6576.049639 7041.206833 7650.994906 8774.471136 9104.076272 10544.70982 13461.14357 18272.70133 31767.12173 52034.45544 911098.9783
      sorted:	 77.51692167 179.9934604 208.1357918 251.6454557 387.8674193 504.7704347 666.8728482 722.6703572 919.2997976 1112.142084 1308.610703 1365.623128 1659.848078 1767.178031 1774.134813 1860.129809 1973.940623 2089.879492 2107.914205 2242.006106 2324.467847 2466.671493 2521.457050 2693.769391 2770.633595 2779.053198 2822.937885 2991.291422 3079.944192 3158.246279 3225.359361 3322.559468 3374.101359 3714.887029 3915.594278 3938.642030 4061.509994 4123.760752 4189.779790 4415.107009 4561.060132 4890.859361 5023.847334 5405.944838 5625.205294 5786.307741 6082.949940 6207.310307 6576.049639 7041.206833 7650.994906 8774.471136 9104.076272 10544.70982 13461.14357 18272.70133 31767.12173 52034.45544 911098.9783
