    unsorted:	 2766.456328 2777.484053 2860.242797 2945.668622 2668.658103 3040.323739 3112.528038 3173.007118 2471.605952 2454.892927 2319.400934 2196.168037 2185.629973 3303.936129 3364.090878 3410.952764 2040.850590 2001.106007 3473.939718 1770.591147 1732.425531 1693.337123 1645.757556 3595.502183 1428.197065 1394.843846 1228.619069 1064.498404 1057.637423 3822.546499 3924.402544 931.0748811 4066.679403 686.2309885 586.8954218 323.1475839 397.1378130 307.7402967 232.1209687 199.7621632 168.8193491 22.24944441 14.88656491 25.61915417 94.31509473 4420.551775 4446.447230 4631.809367 4726.112329 4849.229863 4878.728390 5042.942211 5406.608397 5599.554337 5975.813472 6409.137000 7050.404107 7716.358998 9072.843732 9648.399543 10429.27830 15220.97025 20313.15095 28709.97215 58923.31916 1174920.304
      sorted:	 14.88656491 22.24944441 25.61915417 94.31509473 168.8193491 199.7621632 232.1209687 307.7402967 323.1475839 397.1378130 586.8954218 686.2309885 931.0748811 1057.637423 1064.498404 1228.619069 1394.843846 1428.197065 1645.757556 1693.337123 1732.425531 1770.591147 2001.106007 2040.850590 2185.629973 2196.168037 2319.400934 2454.892927 2471.605952 2668.658103 2766.456328 2777.484053 2860.242797 2945.668622 3040.323739 3112.528038 3173.007118 3303.936129 3364.090878 3410.952764 3473.939718 3595.502183 3822.546499 3924.402544 4066.679403 4420.551775 4446.447230 4631.809367 4726.112329 4849.229863 4878.728390 5042.942211 5406.608397 5599.554337 5975.813472 6409.137000 7050.404107 7716.358998 9072.843732 9648.399543 10429.27830 15220.97025 20313.15095 28709.97215 58923.31916 1174920.304
