    unsorted:	 246.7401103 246.7401103 246.7401103 246.7401103 246.7401103 471.7203421 474.0823953 464.6411329 438.8771520 429.1280483 422.4578274 498.8395797 510.7092538 402.3151609 383.1613884 378.6385721 363.6470576 535.7740961 544.2083029 343.4238743 336.6788179 325.5852558 324.5429287 575.4767034 573.5360409 303.5871687 603.0941781 623.5460619 660.4289769 712.1581011 738.1393379 749.6841985 792.2381218 799.0203870 811.9339291 832.6557567 842.1341748 914.7787110 210.8641636 983.8274878 1034.423901 1028.205645 1070.603789 1125.198365 1136.025724 1157.232086 1194.945746 1243.465887 151.1446421 1305.667309 1354.439404 1363.605899 1377.076594 1409.937886 1496.269357 1519.197987 1536.748603 1613.487563 1641.276008 69.48605142 1694.107968 1724.660961 1733.747458 1784.373439 1800.890282 1830.666200 1861.078255 1920.484425 1931.993667 27.46321341 30.60137539 8.776701878 2007.482013 2108.414214 2149.822185 2243.521288 2268.037142 2322.101144 2419.535799 2607.327307 2579.240151 2670.153362 2708.635916 2745.548547 2803.226545 2884.228829 2982.039923 3048.785794 3072.041433 3101.295065 3174.654906 3271.744018 3328.817329 3476.236224 3574.015086 3702.155068 3790.160927 3912.424739 4051.377999 4256.723068 4267.372257 4350.893954 4466.721531 4619.961242 4660.838951 4822.434910 5054.962976 5144.853484 5301.882866 5469.699591 5744.582332 5919.703849 6362.427809 6529.093745 6786.027532 6761.996949 6879.673689 7428.391900 7854.363173 8182.574633 8848.385421 9746.410166 10470.87536 11637.85355 12264.12665 13366.14963 13830.99782 17091.10669 21030.01869 23380.56058 29283.28016 29856.98959 33960.64108 49622.48961 80570.43507 100768.7739 285585.8820 837721.0712 1074872.964 3162282.822 246.7401103
      sorted:	 8.776701878 27.46321341 30.60137539 69.48605142 151.1446421 210.8641636 246.7401103 246.7401103 246.7401103 246.7401103 246.7401103 246.7401103 303.5871687 324.5429287 325.5852558 336.6788179 343.4238743 363.6470576 378.6385721 383.1613884 402.3151609 422.4578274 429.1280483 438.8771520 464.6411329 471.7203421 474.0823953 498.8395797 510.7092538 535.7740961 544.2083029 573.5360409 575.4767034 603.0941781 623.5460619 660.4289769 712.1581011 738.1393379 749.6841985 792.2381218 799.0203870 811.9339291 832.6557567 842.1341748 914.7787110 983.8274878 1028.205645 1034.423901 1070.603789 1125.198365 1136.025724 1157.232086 1194.945746 1243.465887 1305.667309 1354.439404 1363.605899 1377.076594 1409.937886 1496.269357 1519.197987 1536.748603 1613.487563 1641.276008 1694.107968 1724.660961 1733.747458 1784.373439 1800.890282 1830.666200 1861.078255 1920.484425 1931.993667 2007.482013 2108.414214 2149.822185 2243.521288 2268.037142 2322.101144 2419.535799 2579.240151 2607.327307 2670.153362 2708.635916 2745.548547 2803.226545 2884.228829 2982.039923 3048.785794 3072.041433 3101.295065 3174.654906 3271.744018 3328.817329 3476.236224 3574.015086 3702.155068 3790.160927 3912.424739 4051.377999 4256.723068 4267.372257 4350.893954 4466.721531 4619.961242 4660.838951 4822.434910 5054.962976 5144.853484 5301.882866 5469.699591 5744.582332 5919.703849 6362.427809 6529.093745 6761.996949 6786.027532 6879.673689 7428.391900 7854.363173 8182.574633 8848.385421 9746.410166 10470.87536 11637.85355 12264.12665 13366.14963 13830.99782 17091.10669 21030.01869 23380.56058 29283.28016 29856.98959 33960.64108 49622.48961 80570.43507 100768.7739 285585.8820 837721.0712 1074872.964 3162282.822
