    unsorted:	 3126.402360 3099.116185 3167.685820 3196.301891 3065.360372 3002.539533 3330.449179 3367.642407 2849.366175 2811.735992 2770.097631 2695.194608 3458.359258 3493.227963 2520.720264 2385.385150 2168.709271 2238.280144 2262.880930 2104.118174 1909.665308 1834.166356 1818.906673 1764.467858 1665.204326 1626.688334 3781.484025 3857.221639 4010.881276 4146.455814 1209.643276 1127.545165 1065.617310 4478.342867 4511.653240 798.7552267 728.6598659 576.9772777 484.1458249 387.7914272 4802.741344 4879.915001 244.8417672 220.5351100 176.0730470 77.14215245 5073.179139 5318.963624 5503.543425 6001.816337 6052.460390 6374.426838 6582.570418 6759.145432 7658.890009 8019.575793 9379.432333 10069.79663 10741.73756 15763.29706 19746.32701 28024.79082 61272.86860 1140909.493
      sorted:	 77.14215245 176.0730470 220.5351100 244.8417672 387.7914272 484.1458249 576.9772777 728.6598659 798.7552267 1065.617310 1127.545165 1209.643276 1626.688334 1665.204326 1764.467858 1818.906673 1834.166356 1909.665308 2104.118174 2168.709271 2238.280144 2262.880930 2385.385150 2520.720264 2695.194608 2770.097631 2811.735992 2849.366175 3002.539533 3065.360372 3099.116185 3126.402360 3167.685820 3196.301891 3330.449179 3367.642407 3458.359258 3493.227963 3781.484025 3857.221639 4010.881276 4146.455814 4478.342867 4511.653240 4802.741344 4879.915001 5073.179139 5318.963624 5503.543425 6001.816337 6052.460390 6374.426838 6582.570418 6759.145432 7658.890009 8019.575793 9379.432333 10069.79663 10741.73756 15763.29706 19746.32701 28024.79082 61272.86860 1140909.493
