    unsorted:	 2454.967862 2484.490498 2405.150401 2585.779697 2680.888372 2762.632899 2819.491421 2912.386934 2258.824363 2183.330395 3106.117217 3073.470632 2054.161672 2032.229160 3306.104223 3377.433561 3402.081439 3471.582507 3554.731778 3566.768550 3641.710057 1934.960291 1727.624706 1647.841122 1607.368935 3922.129621 4047.852054 1357.130082 1071.172901 1041.811509 1026.091564 906.0063242 4241.816711 4459.698697 4442.955249 681.0153558 584.9853791 460.4786845 396.1040389 300.7909717 224.7257364 193.5086171 128.3118103 37.72924974 94.10058676 26.55117386 17.05872185 4708.554084 4905.432974 5059.425371 5284.545852 5461.669940 5562.880776 5966.605505 6374.897890 6890.272914 7672.623689 9040.694250 9857.735788 10114.86155 14436.43206 20107.27614 29390.26140 43112.95175 57677.14278 1193836.663
      sorted:	 17.05872185 26.55117386 37.72924974 94.10058676 128.3118103 193.5086171 224.7257364 300.7909717 396.1040389 460.4786845 584.9853791 681.0153558 906.0063242 1026.091564 1041.811509 1071.172901 1357.130082 1607.368935 1647.841122 1727.624706 1934.960291 2032.229160 2054.161672 2183.330395 2258.824363 2405.150401 2454.967862 2484.490498 2585.779697 2680.888372 2762.632899 2819.491421 2912.386934 3073.470632 3106.117217 3306.104223 3377.433561 3402.081439 3471.582507 3554.731778 3566.768550 3641.710057 3922.129621 4047.852054 4241.816711 4442.955249 4459.698697 4708.554084 4905.432974 5059.425371 5284.545852 5461.669940 5562.880776 5966.605505 6374.897890 6890.272914 7672.623689 9040.694250 9857.735788 10114.86155 14436.43206 20107.27614 29390.26140 43112.95175 57677.14278 1193836.663
