    unsorted:	 3107.027814 3128.082863 3204.684593 3000.782471 2948.838233 2857.792227 3242.812279 2786.386476 2735.680957 2698.264602 2472.612826 2559.788840 2263.219016 2257.574596 2339.322488 2140.069796 3531.825326 3560.051360 3704.141260 1995.882904 3840.769724 3881.598719 1808.523032 4119.410600 4192.659822 1659.950967 4545.845401 4670.927242 4760.182087 4779.173896 4995.208912 1257.057503 1100.987726 1068.669148 1020.597148 687.2073836 605.1044113 489.8709176 399.0728997 328.5102288 230.9147938 173.2458055 137.3129231 86.81903390 5449.015259 5749.531762 5850.817191 6179.647159 6233.686665 6370.903490 6710.969850 6902.336482 7055.771915 7686.246937 7918.837219 9688.963234 10448.65767 10862.82647 11019.88883 16273.66716 20071.54923 27671.51716 61388.74326 1104180.931
      sorted:	 86.81903390 137.3129231 173.2458055 230.9147938 328.5102288 399.0728997 489.8709176 605.1044113 687.2073836 1020.597148 1068.669148 1100.987726 1257.057503 1659.950967 1808.523032 1995.882904 2140.069796 2257.574596 2263.219016 2339.322488 2472.612826 2559.788840 2698.264602 2735.680957 2786.386476 2857.792227 2948.838233 3000.782471 3107.027814 3128.082863 3204.684593 3242.812279 3531.825326 3560.051360 3704.141260 3840.769724 3881.598719 4119.410600 4192.659822 4545.845401 4670.927242 4760.182087 4779.173896 4995.208912 5449.015259 5749.531762 5850.817191 6179.647159 6233.686665 6370.903490 6710.969850 6902.336482 7055.771915 7686.246937 7918.837219 9688.963234 10448.65767 10862.82647 11019.88883 16273.66716 20071.54923 27671.51716 61388.74326 1104180.931
