    unsorted:	 3059.601786 3090.231708 3001.914182 3185.242487 3198.536078 2924.903643 2837.751620 2808.875530 2715.004481 3492.586542 3497.512764 2540.290403 2579.510606 3577.985559 2357.818363 2254.919278 2131.598921 2079.925319 3714.550203 1884.075487 1862.812922 1787.744079 1694.818574 1665.145731 3876.162021 4046.302457 4105.196773 1457.256981 4316.769893 4465.391317 4575.689512 4636.235131 1146.886927 1074.633999 1025.465160 4896.906200 752.6532079 640.9316222 446.0595940 372.1906223 204.9238752 211.7834908 152.9431344 71.84887748 5331.782955 5583.133445 5721.677700 5920.581702 6049.957943 6206.628685 6399.110262 6675.116763 7007.056346 7285.814135 7983.990642 8445.370472 10400.98982 10849.33282 11503.76656 15969.80844 21650.31499 27940.73089 61797.75467 1476986.560
      sorted:	 71.84887748 152.9431344 204.9238752 211.7834908 372.1906223 446.0595940 640.9316222 752.6532079 1025.465160 1074.633999 1146.886927 1457.256981 1665.145731 1694.818574 1787.744079 1862.812922 1884.075487 2079.925319 2131.598921 2254.919278 2357.818363 2540.290403 2579.510606 2715.004481 2808.875530 2837.751620 2924.903643 3001.914182 3059.601786 3090.231708 3185.242487 3198.536078 3492.586542 3497.512764 3577.985559 3714.550203 3876.162021 4046.302457 4105.196773 4316.769893 4465.391317 4575.689512 4636.235131 4896.906200 5331.782955 5583.133445 5721.677700 5920.581702 6049.957943 6206.628685 6399.110262 6675.116763 7007.056346 7285.814135 7983.990642 8445.370472 10400.98982 10849.33282 11503.76656 15969.80844 21650.31499 27940.73089 61797.75467 1476986.560
