    unsorted:	 246.7401103 246.7401103 246.7401103 427.9708346 422.9746442 434.8368870 440.0289137 463.9828835 471.9176446 401.7702691 382.9552012 377.9212635 498.2045087 510.6318436 536.4487655 538.3943245 358.9908504 574.6031057 571.5035987 603.2917340 337.6931850 343.1094395 325.3041340 324.1140125 623.5116466 304.2394474 658.8836964 712.5035907 745.4911315 752.1152351 796.2834097 786.5380245 810.3197598 840.9945934 874.3662299 905.8215892 914.4441894 1024.838853 1032.799374 1067.361329 1075.976307 1130.176739 1153.083489 1159.713352 1194.446829 209.6903969 1258.782638 1348.540633 1357.042296 1379.370933 1404.003170 1435.974486 1480.749485 1496.526212 1535.149306 1609.420742 1636.102558 150.3868160 1672.023822 1722.708898 1729.364060 1746.257168 1782.468344 1815.349426 1854.016088 1913.253747 1927.898795 1960.591352 28.59475474 30.59318903 11.57968937 8.747634226 2053.111917 2100.204031 2139.467042 2243.360964 2318.807069 2347.943297 2424.486797 2534.717382 2610.981890 2675.818513 2733.461825 2804.970275 2826.020026 2965.221277 3031.127018 3056.179300 3118.751951 3180.624379 3241.557348 3319.276338 3446.749244 3509.897121 3624.222870 3752.896537 3894.260713 3940.990580 4088.377796 4285.206998 4347.108996 4440.088960 4490.118640 4691.117201 4706.784032 4839.674341 5057.801856 5163.061519 5248.117810 5589.443320 5725.641149 5878.857262 6233.672625 6522.549434 6625.973921 6887.485139 7035.953063 7289.205207 7592.226536 8236.814652 8279.699497 9463.240013 10087.62006 10825.92691 11849.04281 12594.73524 14255.21618 15387.90024 17658.18689 21830.16734 25104.63454 29217.73577 30307.85717 35799.97269 53819.45651 84181.83647 106464.4105 304215.5281 878681.7406 1270169.426 3443207.425 246.7401103
      sorted:	 8.747634226 11.57968937 28.59475474 30.59318903 150.3868160 209.6903969 246.7401103 246.7401103 246.7401103 246.7401103 304.2394474 324.1140125 325.3041340 337.6931850 343.1094395 358.9908504 377.9212635 382.9552012 401.7702691 422.9746442 427.9708346 434.8368870 440.0289137 463.9828835 471.9176446 498.2045087 510.6318436 536.4487655 538.3943245 571.5035987 574.6031057 603.2917340 623.5116466 658.8836964 712.5035907 745.4911315 752.1152351 786.5380245 796.2834097 810.3197598 840.9945934 874.3662299 905.8215892 914.4441894 1024.838853 1032.799374 1067.361329 1075.976307 1130.176739 1153.083489 1159.713352 1194.446829 1258.782638 1348.540633 1357.042296 1379.370933 1404.003170 1435.974486 1480.749485 1496.526212 1535.149306 1609.420742 1636.102558 1672.023822 1722.708898 1729.364060 1746.257168 1782.468344 1815.349426 1854.016088 1913.253747 1927.898795 1960.591352 2053.111917 2100.204031 2139.467042 2243.360964 2318.807069 2347.943297 2424.486797 2534.717382 2610.981890 2675.818513 2733.461825 2804.970275 2826.020026 2965.221277 3031.127018 3056.179300 3118.751951 3180.624379 3241.557348 3319.276338 3446.749244 3509.897121 3624.222870 3752.896537 3894.260713 3940.990580 4088.377796 4285.206998 4347.108996 4440.088960 4490.118640 4691.117201 4706.784032 4839.674341 5057.801856 5163.061519 5248.117810 5589.443320 5725.641149 5878.857262 6233.672625 6522.549434 6625.973921 6887.485139 7035.953063 7289.205207 7592.226536 8236.814652 8279.699497 9463.240013 10087.62006 10825.92691 11849.04281 12594.73524 14255.21618 15387.90024 17658.18689 21830.16734 25104.63454 29217.73577 30307.85717 35799.97269 53819.45651 84181.83647 106464.4105 304215.5281 878681.7406 1270169.426 3443207.425
