    unsorted:	 440.1771279 428.1682452 433.0321583 423.0990938 464.1710623 471.7274795 498.2068672 510.0078370 536.4472808 400.7736839 548.3120006 574.2555272 575.3298095 382.9481288 377.1850009 369.0530181 602.3734895 345.5878873 342.5654513 337.7763091 325.3442436 323.1122675 622.8779651 656.4411036 665.0839997 712.4385075 745.2731702 795.6797655 786.2622075 803.1686307 834.6456750 846.2874286 910.6875261 925.3630132 246.7401103 230.7334353 1017.713670 1026.368434 1034.718462 1066.890197 1115.699282 1125.008990 1158.098024 1195.063790 1225.327545 1303.570684 1338.392221 1348.092974 1369.194812 1397.177533 158.3749542 1483.342187 1493.590084 1511.894379 1583.037307 1634.165690 1662.211892 1720.026645 1728.266153 1766.202580 1789.886231 1801.523181 1845.815512 1903.223149 1913.440162 1959.756976 36.90509889 30.54806651 22.20707223 8.800277124 2069.980434 2105.144851 2124.628545 2167.174843 2320.719226 2335.648229 2388.788393 2543.108456 2582.747952 2618.176335 2720.422028 2772.262285 2821.393091 2867.102871 2963.045787 2997.804778 3053.884930 3098.272672 3141.761526 3227.020837 3316.124570 3406.316892 3526.930977 3592.879497 3664.588929 3738.911915 4040.013835 3998.069381 4126.664006 4270.015082 4374.623773 4511.360471 4463.293081 4639.892998 4753.150211 4984.345249 5082.661813 5241.292926 5547.252410 5738.201464 6075.094546 6245.464279 6319.173372 6535.103769 6720.045816 6941.828135 7300.361044 7624.785924 8036.626350 8368.075107 9778.775882 10394.58501 10563.26777 11882.07400 12774.65417 15503.42062 16404.78069 18187.06657 19476.43959 26477.59972 28548.64220 31934.79757 37427.80124 58577.47021 89308.54635 112555.3320 323435.6844 934189.5871 1342936.762 3784824.125 246.7401103
      sorted:	 8.800277124 22.20707223 30.54806651 36.90509889 158.3749542 230.7334353 246.7401103 246.7401103 323.1122675 325.3442436 337.7763091 342.5654513 345.5878873 369.0530181 377.1850009 382.9481288 400.7736839 423.0990938 428.1682452 433.0321583 440.1771279 464.1710623 471.7274795 498.2068672 510.0078370 536.4472808 548.3120006 574.2555272 575.3298095 602.3734895 622.8779651 656.4411036 665.0839997 712.4385075 745.2731702 786.2622075 795.6797655 803.1686307 834.6456750 846.2874286 910.6875261 925.3630132 1017.713670 1026.368434 1034.718462 1066.890197 1115.699282 1125.008990 1158.098024 1195.063790 1225.327545 1303.570684 1338.392221 1348.092974 1369.194812 1397.177533 1483.342187 1493.590084 1511.894379 1583.037307 1634.165690 1662.211892 1720.026645 1728.266153 1766.202580 1789.886231 1801.523181 1845.815512 1903.223149 1913.440162 1959.756976 2069.980434 2105.144851 2124.628545 2167.174843 2320.719226 2335.648229 2388.788393 2543.108456 2582.747952 2618.176335 2720.422028 2772.262285 2821.393091 2867.102871 2963.045787 2997.804778 3053.884930 3098.272672 3141.761526 3227.020837 3316.124570 3406.316892 3526.930977 3592.879497 3664.588929 3738.911915 3998.069381 4040.013835 4126.664006 4270.015082 4374.623773 4463.293081 4511.360471 4639.892998 4753.150211 4984.345249 5082.661813 5241.292926 5547.252410 5738.201464 6075.094546 6245.464279 6319.173372 6535.103769 6720.045816 6941.828135 7300.361044 7624.785924 8036.626350 8368.075107 9778.775882 10394.58501 10563.26777 11882.07400 12774.65417 15503.42062 16404.78069 18187.06657 19476.43959 26477.59972 28548.64220 31934.79757 37427.80124 58577.47021 89308.54635 112555.3320 323435.6844 934189.5871 1342936.762 3784824.125
