    unsorted:	 2820.994986 2809.493699 2858.989219 2750.436535 2491.450385 2512.444363 2437.586240 2590.016816 2980.778693 2280.412525 2206.689072 2191.172566 3111.240599 3271.993706 3329.049215 1890.254247 1769.321492 1727.908247 1662.803312 3589.892318 3664.813633 3745.763809 3833.874162 1449.342723 1379.932252 1334.613179 4032.129700 4130.646111 4187.077614 845.8435397 809.7161925 703.9489836 517.9440957 469.8357725 407.7508155 386.1047560 287.4815020 129.3115480 173.5469069 4589.953748 4713.398911 5032.149661 5456.976617 5717.600527 5920.918821 6167.369434 6227.267757 6552.649397 6682.953033 7362.363486 8274.687328 8841.557889 11057.84180 12057.96629 13224.73395 19732.89215 30902.79723 50379.49698 962701.1254 170887753.8
      sorted:	 129.3115480 173.5469069 287.4815020 386.1047560 407.7508155 469.8357725 517.9440957 703.9489836 809.7161925 845.8435397 1334.613179 1379.932252 1449.342723 1662.803312 1727.908247 1769.321492 1890.254247 2191.172566 2206.689072 2280.412525 2437.586240 2491.450385 2512.444363 2590.016816 2750.436535 2809.493699 2820.994986 2858.989219 2980.778693 3111.240599 3271.993706 3329.049215 3589.892318 3664.813633 3745.763809 3833.874162 4032.129700 4130.646111 4187.077614 4589.953748 4713.398911 5032.149661 5456.976617 5717.600527 5920.918821 6167.369434 6227.267757 6552.649397 6682.953033 7362.363486 8274.687328 8841.557889 11057.84180 12057.96629 13224.73395 19732.89215 30902.79723 50379.49698 962701.1254 170887753.8
