    unsorted:	 2186.792267 2184.777437 2224.773975 2410.254387 2460.589558 2526.438936 2678.919622 2766.201680 2813.993117 2911.420130 3109.691876 3033.380980 3153.406490 3225.405781 3323.810285 3359.157692 3394.021583 3445.410967 2036.948327 3563.159988 1929.637929 1771.886023 1731.043683 1649.046899 1594.797370 3909.429117 3993.975668 4113.592407 1351.318616 4299.612863 1027.877109 1061.712568 947.5074433 4427.010549 722.1851071 684.5591974 584.5933549 396.7442408 303.2292028 305.3047954 228.6801082 197.6480067 168.0424988 36.72191130 93.16089874 26.07257564 13.50280117 4528.542209 4659.929062 4843.151576 5045.812683 5353.696735 5464.341414 5937.705746 6325.330982 6839.639809 7661.374840 9015.595715 9519.008873 10067.22322 14419.94165 19959.46727 29388.00240 56998.45696 1142188.352
      sorted:	 13.50280117 26.07257564 36.72191130 93.16089874 168.0424988 197.6480067 228.6801082 303.2292028 305.3047954 396.7442408 584.5933549 684.5591974 722.1851071 947.5074433 1027.877109 1061.712568 1351.318616 1594.797370 1649.046899 1731.043683 1771.886023 1929.637929 2036.948327 2184.777437 2186.792267 2224.773975 2410.254387 2460.589558 2526.438936 2678.919622 2766.201680 2813.993117 2911.420130 3033.380980 3109.691876 3153.406490 3225.405781 3323.810285 3359.157692 3394.021583 3445.410967 3563.159988 3909.429117 3993.975668 4113.592407 4299.612863 4427.010549 4528.542209 4659.929062 4843.151576 5045.812683 5353.696735 5464.341414 5937.705746 6325.330982 6839.639809 7661.374840 9015.595715 9519.008873 10067.22322 14419.94165 19959.46727 29388.00240 56998.45696 1142188.352
